233
11 29
10 29
9 29
8 29
7 29
6 29
5 29
4 29
3 29
2 29
2 28
1 28
2 27
3 28
4 28
4 27
4 26
3 26
3 25
2 25
1 25
1 24
2 24
2 23
3 24
4 25
5 28
5 27
5 26
5 25
5 24
5 23
4 23
4 22
3 22
3 21
2 21
1 21
1 20
2 20
2 19
3 20
4 21
5 22
8 28
8 27
7 27
6 27
6 26
6 25
7 26
7 25
10 28
10 27
9 27
9 26
9 25
8 25
8 24
8 23
7 23
6 23
6 22
6 21
7 22
7 21
7 20
7 19
6 19
5 19
4 19
4 18
3 18
3 17
2 17
1 17
2 16
3 16
4 17
5 18
6 18
6 17
6 16
5 16
5 15
4 15
4 14
3 14
2 14
1 14
1 13
2 13
3 13
4 13
4 12
5 14
7 18
11 28
1 15
1 18
1 22
1 26
5 12
5 11
5 10
4 10
3 10
2 10
1 10
4 9
4 8
3 8
2 8
1 8
1 7
1 6
1 5
1 4
2 7
2 6
2 5
2 4
3 7
3 6
5 20
6 14
6 13
6 12
7 16
7 15
7 14
8 18
8 17
8 16
8 20
8 21
9 23
9 22
9 21
1 11
2 11
3 4
3 11
4 6
4 5
4 4
5 8
5 7
5 6
6 10
6 9
6 8
7 12
7 11
7 10
8 14
8 13
8 12
9 16
9 15
9 14
9 18
10 21
10 20
10 23
5 4
6 6
6 5
6 4
7 8
7 7
7 6
8 10
8 9
8 8
9 12
9 11
9 10
9 19
10 14
10 13
10 12
10 16
10 18
10 17
10 24
11 20
11 19
11 18
11 17
11 16
11 15
11 14
11 13
11 12
11 11
11 10
10 10
10 9
10 8
9 8
9 7
9 6
8 6
8 5
8 4
7 4
9 5
9 4
10 7
10 6
10 5
10 4
11 9
11 8
11 7
11 6
11 5
11 4
11 3
11 2
10 2
9 2
8 2
7 2
6 2
5 2
4 2
3 2
2 2
1 2
1 1
1 0
46
11 29
10 29
10 28
10 27
9 27
9 26
9 25
8 25
8 24
8 23
9 23
9 22
9 21
10 21
10 20
11 20
11 19
11 18
11 17
11 16
11 15
11 14
11 13
11 12
11 11
11 10
11 9
11 8
11 7
11 6
11 5
11 4
11 3
11 2
10 2
9 2
8 2
7 2
6 2
5 2
4 2
3 2
2 2
1 2
1 1
1 0
