248
11 29
11 28
10 29
10 28
10 27
9 29
9 27
9 26
9 25
8 29
8 28
8 27
8 25
8 24
8 23
7 29
7 27
7 26
7 25
7 23
7 22
7 21
7 20
7 19
7 18
9 23
9 22
6 29
6 27
9 21
6 26
6 25
6 23
6 22
6 21
6 19
6 18
6 17
6 16
8 21
8 20
5 29
5 28
5 27
5 26
8 18
5 25
5 24
5 23
5 22
8 17
5 19
5 18
8 16
5 16
5 15
5 14
10 23
10 21
10 20
7 16
4 29
7 15
4 28
4 27
4 26
4 25
4 23
4 22
4 21
7 14
4 19
4 18
4 17
4 15
4 14
4 13
4 12
9 18
6 14
9 16
6 13
6 12
9 15
3 29
3 28
3 26
3 25
11 23
3 24
3 22
3 21
3 20
3 18
3 17
3 16
9 14
3 14
3 13
11 22
11 21
11 20
5 20
11 19
11 18
10 24
5 12
8 14
5 11
11 17
8 13
5 10
11 16
8 12
2 29
2 28
2 27
2 25
2 24
2 23
2 21
2 20
2 19
11 15
2 17
2 16
2 14
2 13
10 18
11 14
10 17
10 16
11 13
7 12
4 10
4 9
7 11
4 8
9 19
11 12
10 14
7 10
10 13
11 11
1 13
1 14
1 17
1 20
1 21
1 24
1 25
1 28
10 12
11 24
11 10
6 10
3 10
3 8
3 7
6 9
3 6
9 12
6 8
10 10
11 9
9 11
10 9
9 10
11 8
5 8
10 8
2 10
2 8
5 7
2 7
2 6
2 5
2 4
8 10
11 7
5 6
9 8
8 9
10 7
8 8
9 7
11 6
4 6
10 6
4 5
11 25
1 4
1 5
1 6
1 7
1 8
1 10
1 15
1 18
1 22
1 26
4 4
7 8
9 6
3 11
11 5
7 7
8 6
10 5
9 5
3 4
7 6
8 5
11 4
6 6
10 4
9 4
2 11
8 4
6 5
7 4
6 4
11 3
5 4
11 26
1 11
11 2
10 2
9 2
8 2
7 2
6 2
5 2
4 2
3 2
11 1
10 1
9 1
8 1
7 1
6 1
5 1
4 1
2 2
3 1
2 1
1 1
1 0
46
11 29
11 28
10 28
10 27
9 27
9 26
9 25
8 25
8 24
8 23
9 23
9 22
9 21
10 21
10 20
11 20
11 19
11 18
11 17
11 16
11 15
11 14
11 13
11 12
11 11
11 10
11 9
11 8
11 7
11 6
11 5
11 4
11 3
11 2
10 2
9 2
8 2
7 2
6 2
5 2
4 2
3 2
2 2
2 1
1 1
1 0
