147
10 29
9 29
8 29
7 29
6 29
5 29
4 29
3 29
2 29
1 29
1 28
2 28
3 28
4 28
5 28
6 28
7 28
8 28
10 28
10 27
10 26
9 26
8 26
7 26
6 26
5 26
4 26
3 26
2 26
1 26
1 25
1 24
8 25
8 24
7 24
6 24
5 24
4 24
3 24
7 23
7 22
6 22
5 22
4 22
3 22
2 22
1 22
1 21
1 20
6 21
6 20
5 20
4 20
3 20
5 19
5 18
4 18
3 18
2 18
1 18
5 17
5 16
4 16
3 16
2 16
1 16
1 15
1 14
1 13
4 15
4 14
3 14
3 13
3 12
3 11
2 11
1 11
2 10
2 9
1 9
1 8
1 7
1 6
1 5
1 4
2 8
4 13
2 4
2 5
2 13
2 14
2 20
2 24
4 11
5 13
5 14
6 16
6 18
7 20
8 22
9 24
11 26
11 25
11 24
11 23
10 23
10 22
11 22
11 21
11 20
10 20
9 20
9 19
8 19
8 18
8 17
8 16
8 15
8 14
7 14
7 13
7 12
7 11
6 11
7 10
7 9
6 9
5 9
4 9
4 8
5 8
6 8
7 8
7 7
7 6
7 5
7 4
7 3
7 2
6 2
5 2
4 2
3 2
2 2
1 2
1 1
1 0
41
10 29
10 28
10 27
10 26
11 26
11 25
11 24
11 23
11 22
11 21
11 20
10 20
9 20
9 19
8 19
8 18
8 17
8 16
8 15
8 14
7 14
7 13
7 12
7 11
7 10
7 9
7 8
7 7
7 6
7 5
7 4
7 3
7 2
6 2
5 2
4 2
3 2
2 2
1 2
1 1
1 0
