220
10 29
9 29
10 28
8 29
10 27
7 29
8 28
10 26
6 29
7 28
11 26
9 26
5 29
6 28
11 25
8 26
4 29
5 28
11 24
7 26
8 25
3 29
4 28
10 24
11 23
6 26
8 24
2 29
3 28
9 24
10 23
11 22
5 26
7 24
1 29
2 28
10 22
11 21
4 26
6 24
7 23
1 28
9 22
11 20
3 26
5 24
7 22
8 22
9 21
10 20
11 19
2 26
4 24
6 22
9 20
10 19
11 18
1 26
3 24
5 22
6 21
8 20
9 19
10 18
11 17
1 25
2 24
4 22
6 20
7 20
8 19
9 18
11 16
1 24
3 22
5 20
8 18
10 16
11 15
2 22
4 20
5 19
7 18
8 17
9 16
11 14
1 22
3 20
5 18
6 18
8 16
10 14
11 13
1 21
2 20
4 18
5 17
7 16
8 15
9 14
10 13
11 12
1 20
3 18
5 16
6 16
8 14
9 13
11 11
2 18
4 16
7 14
8 13
10 11
11 10
1 18
3 16
4 15
6 14
7 13
9 11
11 9
2 16
4 14
5 14
6 13
7 12
8 11
10 9
11 8
1 16
3 14
4 13
5 13
7 11
9 9
10 8
11 7
1 15
2 14
3 13
6 11
7 10
8 9
9 8
11 6
1 14
2 13
3 12
5 11
7 9
8 8
10 6
11 5
1 13
3 11
4 11
6 9
7 8
9 6
10 5
11 4
2 11
5 9
6 8
7 7
9 5
10 4
11 3
1 11
2 10
4 9
5 8
7 6
9 4
11 2
2 9
4 8
7 5
8 4
10 2
11 1
1 9
2 8
7 4
9 2
10 1
1 8
7 3
8 2
9 1
1 7
7 2
8 1
1 6
6 2
7 1
1 5
5 2
6 1
2 5
1 4
5 3
4 2
5 1
3 5
2 4
5 4
3 2
4 1
3 6
4 5
3 4
4 4
2 2
3 1
1 2
2 1
1 1
1 0
41
10 29
10 28
10 27
10 26
11 26
11 25
11 24
10 24
10 23
10 22
9 22
9 21
9 20
8 20
8 19
8 18
8 17
8 16
8 15
8 14
7 14
7 13
7 12
7 11
7 10
7 9
7 8
7 7
7 6
7 5
7 4
7 3
7 2
6 2
5 2
4 2
3 2
2 2
1 2
1 1
1 0
