151
10 29
10 28
10 27
10 26
11 26
11 25
11 24
11 23
11 22
11 21
11 20
11 19
11 18
11 17
11 16
11 15
11 14
11 13
11 12
11 11
11 10
11 9
11 8
11 7
11 6
11 5
11 4
11 3
11 2
11 1
10 1
10 2
9 2
9 1
8 1
8 2
7 2
7 3
7 4
7 5
7 6
7 7
7 8
7 9
7 10
7 11
7 12
7 13
7 14
8 14
8 15
8 16
8 17
8 18
8 19
8 20
9 20
9 21
9 22
10 22
10 23
10 24
9 24
8 24
8 25
8 26
9 26
7 26
6 26
5 26
4 26
3 26
2 26
1 26
1 25
1 24
2 24
3 24
4 24
5 24
6 24
7 24
7 23
7 22
8 22
6 22
6 21
6 20
7 20
5 20
5 19
5 18
6 18
7 18
5 17
5 16
6 16
7 16
4 16
4 15
4 14
5 14
6 14
6 13
5 13
4 13
3 13
3 14
2 14
2 13
1 13
1 14
1 15
1 16
2 16
3 16
3 12
3 11
4 11
5 11
6 11
2 11
2 10
2 9
2 8
1 8
1 9
1 7
1 6
1 5
2 5
3 5
3 6
4 5
4 4
5 4
5 3
5 2
6 2
6 1
7 1
5 1
4 1
4 2
3 2
3 1
2 1
2 2
1 2
1 1
1 0
129
10 29
10 28
10 27
10 26
11 26
11 25
11 24
11 23
11 22
11 21
11 20
11 19
11 18
11 17
11 16
11 15
11 14
11 13
11 12
11 11
11 10
11 9
11 8
11 7
11 6
11 5
11 4
11 3
11 2
11 1
10 1
10 2
9 2
9 1
8 1
8 2
7 2
7 3
7 4
7 5
7 6
7 7
7 8
7 9
7 10
7 11
7 12
7 13
7 14
8 14
8 15
8 16
8 17
8 18
8 19
8 20
9 20
9 21
9 22
10 22
10 23
10 24
9 24
8 24
8 25
8 26
7 26
6 26
5 26
4 26
3 26
2 26
1 26
1 25
1 24
2 24
3 24
4 24
5 24
6 24
7 24
7 23
7 22
6 22
6 21
6 20
5 20
5 19
5 18
5 17
5 16
4 16
4 15
4 14
5 14
6 14
6 13
5 13
4 13
3 13
3 12
3 11
2 11
2 10
2 9
2 8
1 8
1 7
1 6
1 5
2 5
3 5
4 5
4 4
5 4
5 3
5 2
6 2
6 1
5 1
4 1
4 2
3 2
3 1
2 1
2 2
1 2
1 1
1 0
