98
10 29
9 29
8 29
7 29
6 29
5 29
4 29
3 29
2 29
1 29
1 28
2 28
3 28
4 28
5 28
6 28
7 28
8 28
10 28
10 27
10 26
9 26
8 26
7 26
6 26
5 26
4 26
3 26
2 26
1 26
1 25
1 24
2 24
3 24
4 24
5 24
6 24
7 24
7 23
7 22
6 22
5 22
4 22
3 22
2 22
1 22
1 21
1 20
2 20
3 20
4 20
5 20
5 19
5 18
4 18
3 18
2 18
1 18
5 17
5 16
4 16
3 16
2 16
1 16
1 15
1 14
1 13
2 13
2 14
3 13
3 12
3 11
2 11
1 11
2 10
2 9
1 9
1 8
1 7
1 6
1 5
1 4
2 4
2 5
3 4
3 5
4 4
3 6
4 5
5 4
5 3
5 2
4 2
3 2
2 2
1 2
1 1
1 0
71
10 29
10 28
10 27
10 26
9 26
8 26
7 26
6 26
5 26
4 26
3 26
2 26
1 26
1 25
1 24
2 24
3 24
4 24
5 24
6 24
7 24
7 23
7 22
6 22
5 22
4 22
3 22
2 22
1 22
1 21
1 20
2 20
3 20
4 20
5 20
5 19
5 18
5 17
5 16
4 16
3 16
2 16
1 16
1 15
1 14
1 13
2 13
3 13
3 12
3 11
2 11
2 10
2 9
1 9
1 8
1 7
1 6
1 5
1 4
2 4
3 4
4 4
5 4
5 3
5 2
4 2
3 2
2 2
1 2
1 1
1 0
