560
11 29
10 29
11 28
10 29
9 29
10 28
9 29
8 29
8 29
7 29
8 28
7 29
6 29
6 29
5 29
5 29
4 29
5 28
4 29
3 29
4 28
3 29
2 29
3 28
2 29
2 28
2 28
1 28
3 28
2 27
1 28
2 27
3 28
4 28
3 28
4 28
4 28
5 28
4 27
4 27
5 27
4 26
4 26
3 26
5 26
4 25
3 26
3 25
3 25
2 25
4 25
3 24
2 25
1 25
2 24
1 25
1 26
1 24
1 24
2 24
2 24
3 24
2 23
2 23
2 24
3 24
2 23
2 23
1 26
3 24
3 24
3 24
4 25
5 25
4 25
5 25
5 25
5 26
6 25
5 24
5 24
5 23
5 23
4 23
6 23
5 22
4 23
4 22
4 22
3 22
5 22
4 21
3 22
3 21
3 21
2 21
4 21
3 20
2 21
1 21
2 20
1 21
1 22
1 20
1 20
2 20
2 20
3 20
2 19
2 19
2 20
3 20
2 19
2 19
1 22
3 20
3 20
3 20
4 21
4 21
5 22
6 22
5 22
6 22
6 22
6 23
7 22
6 21
6 21
7 21
6 22
6 23
7 22
7 21
7 22
8 21
7 20
7 20
8 20
7 19
7 19
6 19
7 18
6 19
5 19
6 18
5 19
4 19
5 20
5 18
4 19
4 18
4 18
3 18
5 18
4 17
3 18
3 17
3 17
2 17
4 17
3 16
2 17
1 17
2 16
1 17
1 18
2 16
3 16
1 18
3 16
3 16
4 17
4 17
5 18
6 18
5 18
6 18
6 18
7 18
6 17
6 17
6 16
6 16
5 16
7 16
5 16
5 15
5 15
4 15
5 14
4 15
4 14
4 14
3 14
5 14
4 13
3 14
2 14
3 13
2 14
1 14
2 13
1 14
1 15
1 13
1 13
2 13
2 13
3 13
2 13
3 13
1 15
3 13
4 13
3 13
4 13
3 13
4 13
4 13
4 12
4 12
5 12
4 13
4 13
4 13
5 12
6 12
5 11
5 11
5 10
5 10
4 10
6 10
4 10
3 10
4 9
3 10
2 10
3 11
2 10
1 10
2 11
1 10
1 11
1 11
2 11
2 11
3 11
2 11
3 11
4 9
4 8
4 8
3 8
5 8
3 8
2 8
3 7
2 8
1 8
2 7
1 8
1 7
1 7
2 7
1 6
1 6
2 6
1 5
1 5
2 5
1 4
1 4
2 4
2 4
2 5
3 4
2 5
2 6
2 5
2 6
3 4
4 4
2 6
2 7
3 6
2 6
2 7
3 6
2 6
2 7
3 6
4 4
4 5
5 4
2 7
3 7
2 7
3 7
2 7
3 7
2 7
3 7
2 7
3 7
3 6
3 7
4 6
3 6
3 7
4 6
3 6
3 7
4 6
4 5
4 6
5 4
6 4
3 7
3 7
3 7
3 7
3 7
3 7
3 7
3 7
3 7
4 6
5 6
4 6
5 6
4 6
5 6
4 6
5 6
6 4
6 5
7 4
5 6
5 7
6 6
5 6
5 7
6 6
5 6
5 7
6 6
5 6
5 7
6 6
6 5
6 6
7 4
8 4
5 7
5 8
5 7
5 8
5 7
5 8
5 7
5 8
6 6
7 6
6 6
7 6
6 6
7 6
6 6
7 6
6 6
7 6
8 4
8 5
9 4
5 8
6 8
5 8
6 8
5 8
6 8
5 8
6 8
5 8
6 8
7 6
7 7
8 6
7 6
7 7
8 6
7 6
7 7
8 6
7 6
7 7
8 6
7 6
7 7
8 6
8 5
8 6
9 5
9 4
9 5
10 4
3 11
3 11
3 11
6 8
6 9
7 8
6 8
6 9
7 8
6 8
6 9
7 8
6 8
6 9
7 8
6 8
6 9
7 8
7 7
7 8
7 7
7 8
7 7
7 8
7 7
7 8
7 7
7 8
8 6
9 6
8 6
9 6
8 6
9 6
8 6
9 6
8 6
9 6
8 6
9 6
9 5
9 6
10 5
9 5
9 6
10 5
10 4
10 5
11 4
6 9
6 10
6 9
6 10
6 9
6 10
6 9
6 10
6 9
6 10
7 8
8 8
7 8
8 8
7 8
8 8
7 8
8 8
7 8
8 8
7 8
8 8
7 8
8 8
7 8
8 8
7 8
8 8
7 8
8 8
9 6
9 7
10 6
9 6
9 7
10 6
9 6
9 7
10 6
9 6
9 7
10 6
9 6
9 7
10 6
9 6
9 7
10 6
9 6
9 7
10 6
9 6
9 7
10 6
10 5
10 6
11 5
10 5
10 6
11 5
10 5
10 6
11 5
11 4
11 5
11 3
11 3
11 2
11 2
10 2
11 1
10 2
9 2
10 1
9 2
8 2
9 1
8 2
7 2
8 1
7 2
6 2
7 1
6 2
5 2
6 1
5 2
4 2
5 1
4 2
3 2
4 1
3 2
2 2
3 1
2 2
1 2
2 1
1 2
1 1
1 1
2 1
1 0
1 0
86
11 29
10 29
9 29
8 29
7 29
6 29
5 29
4 29
3 29
2 29
2 28
3 28
4 28
4 27
4 26
3 26
3 25
4 25
5 25
5 24
5 23
4 23
4 22
5 22
6 22
6 21
7 21
7 20
7 19
6 19
5 19
4 19
4 18
5 18
6 18
6 17
6 16
5 16
5 15
4 15
4 14
3 14
2 14
1 14
1 13
2 13
3 13
4 13
4 12
5 12
5 11
5 10
4 10
4 9
4 8
3 8
2 8
1 8
1 7
1 6
1 5
1 4
2 4
3 4
4 4
5 4
6 4
7 4
8 4
9 4
10 4
11 4
11 3
11 2
10 2
9 2
8 2
7 2
6 2
5 2
4 2
3 2
2 2
1 2
1 1
1 0
