4677
10 29
10 28
9 29
8 29
10 27
8 28
7 29
10 26
7 28
6 29
7 28
11 26
9 26
6 28
5 29
6 28
6 28
8 26
11 25
5 28
4 29
5 28
5 28
5 28
8 25
7 26
11 24
4 28
3 29
4 28
4 28
4 28
4 28
6 26
8 24
11 23
10 24
3 28
2 29
3 28
3 28
3 28
3 28
3 28
5 26
9 24
7 24
10 23
9 24
11 22
10 23
2 28
1 29
2 28
2 28
2 28
2 28
2 28
2 28
4 26
7 23
6 24
10 22
10 22
11 21
10 22
1 28
1 28
1 28
1 28
1 28
1 28
1 28
1 28
3 26
5 24
7 22
9 22
9 22
9 22
11 20
2 26
4 24
8 22
6 22
9 21
8 22
9 21
8 22
9 21
8 22
11 19
10 20
1 26
3 24
6 21
5 22
9 20
9 20
9 20
10 19
9 20
11 18
10 19
1 25
2 24
4 22
6 20
9 19
8 20
9 19
8 20
9 19
8 20
9 19
8 20
10 18
9 19
10 18
9 19
11 17
10 18
1 24
1 24
3 22
7 20
5 20
8 19
7 20
8 19
7 20
8 19
7 20
8 19
7 20
9 18
8 19
9 18
8 19
9 18
8 19
9 18
8 19
9 18
8 19
9 18
8 19
9 18
9 18
9 18
11 16
2 22
5 19
4 20
8 18
8 18
8 18
8 18
8 18
8 18
8 18
8 18
8 18
8 18
8 18
8 18
8 18
8 18
8 18
8 18
8 18
8 18
8 18
11 15
10 16
1 22
3 20
5 18
8 17
7 18
8 17
7 18
8 17
7 18
8 17
7 18
8 17
7 18
8 17
7 18
8 17
7 18
8 17
7 18
8 17
7 18
8 17
7 18
8 17
7 18
8 17
7 18
8 17
7 18
8 17
7 18
8 17
7 18
8 17
7 18
8 17
7 18
8 17
7 18
8 17
7 18
9 16
11 14
1 21
2 20
6 18
5 17
4 18
6 18
6 18
6 18
6 18
6 18
6 18
6 18
6 18
6 18
6 18
6 18
6 18
6 18
6 18
6 18
6 18
6 18
6 18
6 18
8 16
8 16
8 16
8 16
8 16
8 16
8 16
8 16
8 16
8 16
8 16
8 16
8 16
8 16
8 16
8 16
8 16
8 16
8 16
8 16
11 13
10 14
1 20
1 20
3 18
5 16
8 15
7 16
8 15
7 16
8 15
7 16
8 15
7 16
8 15
7 16
8 15
7 16
8 15
7 16
8 15
7 16
8 15
7 16
8 15
7 16
8 15
7 16
8 15
7 16
8 15
7 16
8 15
7 16
8 15
7 16
8 15
7 16
8 15
7 16
8 15
7 16
8 15
7 16
8 15
7 16
10 13
9 14
11 12
10 13
2 18
6 16
4 16
6 16
6 16
6 16
6 16
6 16
6 16
6 16
6 16
6 16
6 16
6 16
6 16
6 16
6 16
6 16
6 16
6 16
6 16
6 16
6 16
8 14
8 14
8 14
8 14
8 14
8 14
8 14
8 14
8 14
8 14
8 14
8 14
8 14
8 14
8 14
8 14
8 14
8 14
8 14
8 14
9 13
8 14
9 13
9 13
11 11
1 18
4 15
3 16
8 13
7 14
8 13
7 14
8 13
7 14
8 13
7 14
8 13
7 14
8 13
7 14
8 13
7 14
8 13
7 14
8 13
7 14
8 13
7 14
8 13
7 14
8 13
7 14
8 13
7 14
8 13
7 14
8 13
7 14
8 13
7 14
8 13
7 14
8 13
7 14
8 13
7 14
8 13
7 14
8 13
7 14
8 13
8 13
8 13
11 10
10 11
2 16
4 14
7 13
6 14
7 13
6 14
7 13
6 14
7 13
6 14
7 13
6 14
7 13
6 14
7 13
6 14
7 13
6 14
7 13
6 14
7 13
6 14
7 13
6 14
7 13
6 14
7 13
6 14
7 13
6 14
7 13
6 14
7 13
6 14
7 13
6 14
7 13
6 14
7 13
6 14
7 13
6 14
7 13
6 14
7 13
7 13
7 13
7 13
7 13
7 13
7 13
7 13
7 13
7 13
7 13
7 13
7 13
7 13
7 13
7 13
7 13
7 13
7 13
7 13
7 13
7 13
7 13
7 13
9 11
11 9
1 16
5 14
4 13
3 14
6 13
5 14
6 13
5 14
6 13
5 14
6 13
5 14
6 13
5 14
6 13
5 14
6 13
5 14
6 13
5 14
6 13
5 14
6 13
5 14
6 13
5 14
6 13
5 14
6 13
5 14
6 13
5 14
6 13
5 14
6 13
5 14
6 13
5 14
6 13
5 14
6 13
5 14
6 13
5 14
6 13
5 14
7 12
6 13
7 12
6 13
7 12
6 13
7 12
6 13
7 12
6 13
7 12
6 13
7 12
6 13
7 12
6 13
7 12
6 13
7 12
6 13
7 12
6 13
7 12
6 13
7 12
6 13
7 12
6 13
7 12
6 13
7 12
6 13
7 12
6 13
7 12
6 13
7 12
6 13
7 12
6 13
7 12
6 13
7 12
6 13
7 12
6 13
7 12
6 13
7 12
6 13
7 12
6 13
7 12
6 13
7 12
6 13
7 12
6 13
7 12
6 13
7 12
6 13
7 12
6 13
7 12
6 13
7 12
6 13
7 12
6 13
7 12
6 13
7 12
6 13
7 12
6 13
7 12
6 13
7 12
6 13
7 12
6 13
7 12
6 13
7 12
6 13
7 12
6 13
7 12
6 13
8 11
11 8
10 9
1 15
3 13
2 14
5 13
3 13
5 13
5 13
5 13
5 13
5 13
5 13
5 13
5 13
5 13
5 13
5 13
5 13
5 13
5 13
5 13
5 13
5 13
5 13
5 13
5 13
5 13
5 13
5 13
5 13
5 13
5 13
5 13
5 13
5 13
5 13
5 13
5 13
5 13
5 13
5 13
5 13
5 13
5 13
5 13
5 13
5 13
5 13
5 13
5 13
5 13
5 13
5 13
5 13
5 13
5 13
5 13
5 13
5 13
5 13
5 13
5 13
5 13
5 13
5 13
5 13
5 13
5 13
5 13
5 13
5 13
5 13
5 13
5 13
5 13
5 13
5 13
5 13
5 13
5 13
5 13
5 13
5 13
5 13
5 13
5 13
5 13
5 13
5 13
5 13
5 13
5 13
5 13
5 13
7 11
7 11
7 11
7 11
7 11
7 11
7 11
7 11
7 11
7 11
7 11
7 11
7 11
7 11
7 11
7 11
7 11
7 11
7 11
7 11
7 11
7 11
7 11
7 11
7 11
7 11
7 11
7 11
7 11
7 11
7 11
7 11
7 11
7 11
7 11
7 11
7 11
7 11
7 11
7 11
7 11
7 11
7 11
7 11
7 11
7 11
10 8
9 9
11 7
10 8
1 14
2 13
1 14
3 12
2 13
3 12
2 13
7 10
6 11
7 10
6 11
7 10
6 11
7 10
6 11
7 10
6 11
7 10
6 11
7 10
6 11
7 10
6 11
7 10
6 11
7 10
6 11
7 10
6 11
7 10
6 11
7 10
6 11
7 10
6 11
7 10
6 11
7 10
6 11
7 10
6 11
7 10
6 11
7 10
6 11
7 10
6 11
7 10
6 11
7 10
6 11
7 10
6 11
7 10
6 11
7 10
6 11
7 10
6 11
7 10
6 11
7 10
6 11
7 10
6 11
7 10
6 11
7 10
6 11
7 10
6 11
7 10
6 11
7 10
6 11
7 10
6 11
7 10
6 11
7 10
6 11
7 10
6 11
7 10
6 11
7 10
6 11
7 10
6 11
7 10
6 11
7 10
6 11
7 10
6 11
7 10
6 11
7 10
6 11
9 8
8 9
9 8
9 8
11 6
1 13
1 13
1 13
1 13
1 13
3 11
3 11
5 11
5 11
5 11
5 11
5 11
5 11
5 11
5 11
5 11
5 11
5 11
5 11
5 11
5 11
5 11
5 11
5 11
5 11
5 11
5 11
5 11
5 11
5 11
5 11
5 11
5 11
5 11
5 11
5 11
5 11
5 11
5 11
5 11
5 11
5 11
5 11
5 11
5 11
5 11
5 11
5 11
5 11
5 11
5 11
5 11
5 11
7 9
7 9
7 9
7 9
7 9
7 9
7 9
7 9
7 9
7 9
7 9
7 9
7 9
7 9
7 9
7 9
7 9
7 9
7 9
7 9
7 9
7 9
7 9
7 9
7 9
7 9
7 9
7 9
7 9
7 9
7 9
7 9
7 9
7 9
7 9
7 9
7 9
7 9
7 9
7 9
7 9
7 9
7 9
7 9
7 9
7 9
8 8
7 9
8 8
8 8
8 8
11 5
10 6
4 11
2 11
4 11
2 11
4 11
4 11
4 11
4 11
4 11
4 11
4 11
4 11
4 11
4 11
4 11
4 11
4 11
4 11
4 11
4 11
4 11
4 11
4 11
4 11
4 11
4 11
4 11
4 11
4 11
4 11
4 11
4 11
4 11
4 11
4 11
4 11
4 11
4 11
4 11
4 11
4 11
4 11
4 11
4 11
4 11
4 11
4 11
4 11
4 11
4 11
7 8
6 9
7 8
6 9
7 8
6 9
7 8
6 9
7 8
6 9
7 8
6 9
7 8
6 9
7 8
6 9
7 8
6 9
7 8
6 9
7 8
6 9
7 8
6 9
7 8
6 9
7 8
6 9
7 8
6 9
7 8
6 9
7 8
6 9
7 8
6 9
7 8
6 9
7 8
6 9
7 8
6 9
7 8
6 9
7 8
6 9
7 8
6 9
7 8
6 9
7 8
6 9
7 8
6 9
7 8
6 9
7 8
6 9
7 8
6 9
7 8
6 9
7 8
6 9
7 8
6 9
7 8
6 9
7 8
6 9
7 8
6 9
7 8
6 9
7 8
6 9
7 8
6 9
7 8
6 9
7 8
6 9
7 8
6 9
7 8
6 9
7 8
6 9
7 8
6 9
7 8
6 9
7 8
6 9
7 8
7 8
7 8
7 8
10 5
9 6
11 4
10 5
2 10
1 11
2 10
1 11
6 8
5 9
6 8
5 9
6 8
5 9
6 8
5 9
6 8
5 9
6 8
5 9
6 8
5 9
6 8
5 9
6 8
5 9
6 8
5 9
6 8
5 9
6 8
5 9
6 8
5 9
6 8
5 9
6 8
5 9
6 8
5 9
6 8
5 9
6 8
5 9
6 8
5 9
6 8
5 9
6 8
5 9
6 8
5 9
6 8
5 9
6 8
5 9
6 8
5 9
6 8
5 9
6 8
5 9
6 8
5 9
6 8
5 9
6 8
5 9
6 8
5 9
6 8
5 9
6 8
5 9
6 8
5 9
6 8
5 9
6 8
5 9
6 8
5 9
6 8
5 9
6 8
5 9
6 8
5 9
6 8
5 9
6 8
5 9
6 8
5 9
6 8
5 9
6 8
5 9
6 8
5 9
6 8
5 9
7 7
6 8
7 7
6 8
7 7
6 8
7 7
6 8
7 7
6 8
7 7
6 8
7 7
6 8
7 7
6 8
7 7
6 8
7 7
6 8
7 7
6 8
7 7
6 8
7 7
6 8
7 7
6 8
7 7
6 8
7 7
6 8
7 7
6 8
7 7
6 8
7 7
6 8
7 7
6 8
7 7
6 8
7 7
6 8
7 7
6 8
7 7
6 8
7 7
6 8
7 7
6 8
7 7
6 8
7 7
6 8
7 7
6 8
7 7
6 8
7 7
6 8
7 7
6 8
7 7
6 8
7 7
6 8
7 7
6 8
7 7
6 8
7 7
6 8
7 7
6 8
7 7
6 8
7 7
6 8
7 7
6 8
7 7
6 8
7 7
6 8
7 7
6 8
7 7
6 8
7 7
6 8
7 7
6 8
7 7
6 8
7 7
6 8
7 7
6 8
7 7
6 8
9 5
10 4
9 5
10 4
9 5
11 3
10 4
2 9
2 9
5 8
4 9
5 8
4 9
5 8
4 9
5 8
4 9
5 8
4 9
5 8
4 9
5 8
4 9
5 8
4 9
5 8
4 9
5 8
4 9
5 8
4 9
5 8
4 9
5 8
4 9
5 8
4 9
5 8
4 9
5 8
4 9
5 8
4 9
5 8
4 9
5 8
4 9
5 8
4 9
5 8
4 9
5 8
4 9
5 8
4 9
5 8
4 9
5 8
4 9
5 8
4 9
5 8
4 9
5 8
4 9
5 8
4 9
5 8
4 9
5 8
4 9
5 8
4 9
5 8
4 9
5 8
4 9
5 8
4 9
5 8
4 9
5 8
4 9
5 8
4 9
5 8
4 9
5 8
4 9
5 8
4 9
5 8
4 9
5 8
4 9
5 8
4 9
5 8
4 9
5 8
4 9
5 8
4 9
5 8
5 8
5 8
5 8
5 8
5 8
5 8
5 8
5 8
5 8
5 8
5 8
5 8
5 8
5 8
5 8
5 8
5 8
5 8
5 8
5 8
5 8
5 8
5 8
5 8
5 8
5 8
5 8
5 8
5 8
5 8
5 8
5 8
5 8
5 8
5 8
5 8
5 8
5 8
5 8
5 8
5 8
5 8
5 8
5 8
5 8
5 8
5 8
5 8
5 8
5 8
5 8
5 8
5 8
5 8
5 8
5 8
5 8
5 8
5 8
5 8
5 8
5 8
5 8
5 8
5 8
5 8
5 8
5 8
5 8
5 8
5 8
5 8
5 8
5 8
5 8
5 8
5 8
5 8
5 8
5 8
5 8
5 8
5 8
5 8
5 8
5 8
5 8
5 8
5 8
5 8
5 8
5 8
5 8
5 8
5 8
5 8
5 8
7 6
7 6
7 6
7 6
7 6
7 6
7 6
7 6
7 6
7 6
7 6
7 6
7 6
7 6
7 6
7 6
7 6
7 6
7 6
7 6
7 6
7 6
7 6
7 6
7 6
7 6
7 6
7 6
7 6
7 6
7 6
7 6
7 6
7 6
7 6
7 6
7 6
7 6
7 6
7 6
7 6
7 6
7 6
7 6
7 6
7 6
7 6
7 6
7 6
7 6
7 6
9 4
9 4
9 4
9 4
9 4
9 4
11 2
2 8
1 9
2 8
1 9
4 8
4 8
4 8
4 8
4 8
4 8
4 8
4 8
4 8
4 8
4 8
4 8
4 8
4 8
4 8
4 8
4 8
4 8
4 8
4 8
4 8
4 8
4 8
4 8
4 8
4 8
4 8
4 8
4 8
4 8
4 8
4 8
4 8
4 8
4 8
4 8
4 8
4 8
4 8
4 8
4 8
4 8
4 8
4 8
4 8
4 8
4 8
4 8
4 8
4 8
4 8
4 8
4 8
4 8
4 8
4 8
4 8
4 8
4 8
4 8
4 8
4 8
4 8
4 8
4 8
4 8
4 8
4 8
4 8
4 8
4 8
4 8
4 8
4 8
4 8
4 8
4 8
4 8
4 8
4 8
4 8
4 8
4 8
4 8
4 8
4 8
4 8
4 8
4 8
4 8
4 8
4 8
4 8
4 8
4 8
4 8
4 8
4 8
4 8
4 8
4 8
4 8
4 8
4 8
4 8
4 8
4 8
4 8
4 8
4 8
4 8
4 8
4 8
4 8
4 8
4 8
4 8
4 8
4 8
4 8
4 8
4 8
4 8
4 8
4 8
4 8
4 8
4 8
4 8
4 8
4 8
4 8
4 8
4 8
4 8
4 8
4 8
4 8
4 8
4 8
4 8
4 8
4 8
4 8
4 8
4 8
4 8
4 8
4 8
4 8
4 8
4 8
4 8
4 8
4 8
4 8
4 8
4 8
4 8
4 8
4 8
4 8
4 8
4 8
4 8
4 8
4 8
4 8
4 8
4 8
4 8
4 8
4 8
4 8
4 8
4 8
4 8
4 8
4 8
4 8
4 8
4 8
4 8
4 8
4 8
4 8
4 8
4 8
4 8
4 8
4 8
4 8
7 5
7 5
7 5
7 5
7 5
7 5
7 5
7 5
7 5
7 5
7 5
7 5
7 5
7 5
7 5
7 5
7 5
7 5
7 5
7 5
7 5
7 5
7 5
7 5
7 5
7 5
7 5
7 5
7 5
7 5
7 5
7 5
7 5
7 5
7 5
7 5
7 5
7 5
7 5
7 5
7 5
7 5
7 5
7 5
7 5
7 5
7 5
7 5
7 5
7 5
7 5
8 4
8 4
8 4
8 4
8 4
8 4
11 1
10 2
1 8
1 8
1 8
1 8
7 4
7 4
7 4
7 4
7 4
7 4
7 4
7 4
7 4
7 4
7 4
7 4
7 4
7 4
7 4
7 4
7 4
7 4
7 4
7 4
7 4
7 4
7 4
7 4
7 4
7 4
7 4
7 4
7 4
7 4
7 4
7 4
7 4
7 4
7 4
7 4
7 4
7 4
7 4
7 4
7 4
7 4
7 4
7 4
7 4
7 4
7 4
7 4
7 4
7 4
7 4
7 4
7 4
7 4
7 4
7 4
7 4
10 1
9 2
10 1
1 7
1 7
1 7
1 7
7 3
7 3
7 3
7 3
7 3
7 3
7 3
7 3
7 3
7 3
7 3
7 3
7 3
7 3
7 3
7 3
7 3
7 3
7 3
7 3
7 3
7 3
7 3
7 3
7 3
7 3
7 3
7 3
7 3
7 3
7 3
7 3
7 3
7 3
7 3
7 3
7 3
7 3
7 3
7 3
7 3
7 3
7 3
7 3
7 3
7 3
7 3
7 3
7 3
7 3
7 3
7 3
7 3
7 3
7 3
7 3
7 3
9 1
8 2
9 1
9 1
1 6
1 6
1 6
1 6
7 2
7 2
7 2
7 2
7 2
7 2
7 2
7 2
7 2
7 2
7 2
7 2
7 2
7 2
7 2
7 2
7 2
7 2
7 2
7 2
7 2
7 2
7 2
7 2
7 2
7 2
7 2
7 2
7 2
7 2
7 2
7 2
7 2
7 2
7 2
7 2
7 2
7 2
7 2
7 2
7 2
7 2
7 2
7 2
7 2
7 2
7 2
7 2
7 2
7 2
7 2
7 2
7 2
7 2
7 2
7 2
7 2
8 1
7 2
8 1
8 1
8 1
1 5
1 5
1 5
1 5
7 1
6 2
7 1
6 2
7 1
6 2
7 1
6 2
7 1
6 2
7 1
6 2
7 1
6 2
7 1
6 2
7 1
6 2
7 1
6 2
7 1
6 2
7 1
6 2
7 1
6 2
7 1
6 2
7 1
6 2
7 1
6 2
7 1
6 2
7 1
6 2
7 1
6 2
7 1
6 2
7 1
6 2
7 1
6 2
7 1
6 2
7 1
6 2
7 1
6 2
7 1
6 2
7 1
6 2
7 1
6 2
7 1
6 2
7 1
6 2
7 1
6 2
7 1
6 2
7 1
6 2
7 1
6 2
7 1
6 2
7 1
6 2
7 1
6 2
7 1
6 2
7 1
6 2
7 1
6 2
7 1
6 2
7 1
6 2
7 1
6 2
7 1
6 2
7 1
6 2
7 1
6 2
7 1
6 2
7 1
6 2
7 1
6 2
7 1
6 2
7 1
6 2
7 1
6 2
7 1
6 2
7 1
6 2
7 1
6 2
7 1
6 2
7 1
6 2
7 1
6 2
7 1
7 1
7 1
7 1
2 5
1 4
2 5
1 4
2 5
1 4
2 5
1 4
6 1
5 2
6 1
5 2
6 1
5 2
6 1
5 2
6 1
5 2
6 1
5 2
6 1
5 2
6 1
5 2
6 1
5 2
6 1
5 2
6 1
5 2
6 1
5 2
6 1
5 2
6 1
5 2
6 1
5 2
6 1
5 2
6 1
5 2
6 1
5 2
6 1
5 2
6 1
5 2
6 1
5 2
6 1
5 2
6 1
5 2
6 1
5 2
6 1
5 2
6 1
5 2
6 1
5 2
6 1
5 2
6 1
5 2
6 1
5 2
6 1
5 2
6 1
5 2
6 1
5 2
6 1
5 2
6 1
5 2
6 1
5 2
6 1
5 2
6 1
5 2
6 1
5 2
6 1
5 2
6 1
5 2
6 1
5 2
6 1
5 2
6 1
5 2
6 1
5 2
6 1
5 2
6 1
5 2
6 1
5 2
6 1
5 2
6 1
5 2
6 1
5 2
6 1
5 2
6 1
5 2
6 1
5 2
6 1
5 2
6 1
5 2
6 1
5 2
6 1
5 2
6 1
6 1
6 1
6 1
6 1
6 1
6 1
6 1
6 1
6 1
6 1
6 1
6 1
6 1
6 1
6 1
6 1
6 1
6 1
6 1
6 1
6 1
6 1
6 1
6 1
6 1
6 1
6 1
6 1
6 1
6 1
6 1
6 1
6 1
6 1
6 1
6 1
6 1
6 1
6 1
6 1
6 1
6 1
6 1
6 1
6 1
6 1
6 1
6 1
6 1
6 1
6 1
6 1
6 1
6 1
6 1
6 1
6 1
6 1
6 1
6 1
6 1
2 4
2 4
2 4
2 4
3 5
2 4
3 5
2 4
3 5
2 4
3 5
2 4
5 3
5 1
4 2
5 3
5 1
4 2
5 3
5 1
4 2
5 3
5 1
4 2
5 3
5 1
4 2
5 3
5 1
4 2
5 3
5 1
4 2
5 3
5 1
4 2
5 3
5 1
4 2
5 3
5 1
4 2
5 3
5 1
4 2
5 3
5 1
4 2
5 3
5 1
4 2
5 3
5 1
4 2
5 3
5 1
4 2
5 3
5 1
4 2
5 3
5 1
4 2
5 3
5 1
4 2
5 3
5 1
4 2
5 3
5 1
4 2
5 3
5 1
4 2
5 3
5 1
4 2
5 3
5 1
4 2
5 3
5 1
4 2
5 3
5 1
4 2
5 3
5 1
4 2
5 3
5 1
4 2
5 3
5 1
4 2
5 3
5 1
4 2
5 3
5 1
4 2
5 3
5 1
4 2
5 3
5 1
4 2
5 3
5 1
4 2
5 3
5 1
4 2
5 3
5 1
4 2
5 3
5 1
4 2
5 3
5 1
4 2
5 3
5 1
4 2
5 3
5 1
4 2
5 3
5 1
4 2
5 3
5 1
4 2
5 3
5 1
4 2
5 3
5 1
4 2
5 3
5 1
4 2
5 3
5 1
4 2
5 3
5 1
4 2
5 3
5 1
4 2
5 3
5 1
4 2
5 3
5 1
4 2
5 3
5 1
4 2
5 3
5 1
4 2
5 3
5 1
4 2
5 3
5 1
4 2
5 3
5 1
4 2
5 3
5 1
4 2
5 3
5 1
4 2
5 3
5 1
4 2
5 3
5 1
4 2
5 1
5 1
5 1
5 1
5 1
5 1
5 1
5 1
5 1
5 1
5 1
5 1
5 1
5 1
5 1
5 1
5 1
5 1
5 1
5 1
5 1
5 1
5 1
5 1
5 1
5 1
5 1
5 1
5 1
5 1
5 1
5 1
5 1
5 1
5 1
5 1
5 1
5 1
5 1
5 1
5 1
5 1
5 1
5 1
5 1
5 1
5 1
5 1
5 1
5 1
5 1
5 1
5 1
5 1
5 1
5 1
5 1
5 1
5 1
5 1
5 1
5 1
5 1
5 1
5 1
5 1
5 1
5 1
5 1
5 1
5 1
5 1
5 1
5 1
5 1
5 1
5 1
5 1
5 1
5 1
5 1
5 1
5 1
5 1
5 1
5 1
5 1
5 1
5 1
5 1
5 1
5 1
5 1
5 1
5 1
5 1
5 1
5 1
5 1
5 1
5 1
5 1
5 1
5 1
5 1
5 1
5 1
5 1
5 1
5 1
5 1
5 1
5 1
5 1
5 1
5 1
5 1
5 1
5 1
5 1
3 4
3 4
3 4
3 4
3 4
3 4
3 4
3 4
3 6
4 5
3 4
3 6
4 5
3 4
3 6
4 5
3 4
3 6
4 5
3 4
4 1
3 2
4 1
3 2
4 1
3 2
4 1
3 2
4 1
3 2
4 1
3 2
4 1
3 2
4 1
3 2
4 1
3 2
4 1
3 2
4 1
3 2
4 1
3 2
4 1
3 2
4 1
3 2
4 1
3 2
4 1
3 2
4 1
3 2
4 1
3 2
4 1
3 2
4 1
3 2
4 1
3 2
4 1
3 2
4 1
3 2
4 1
3 2
4 1
3 2
4 1
3 2
4 1
3 2
4 1
3 2
4 1
3 2
4 1
3 2
4 1
3 2
4 1
3 2
4 1
3 2
4 1
3 2
4 1
3 2
4 1
3 2
4 1
3 2
4 1
3 2
4 1
3 2
4 1
3 2
4 1
3 2
4 1
3 2
4 1
3 2
4 1
3 2
4 1
3 2
4 1
3 2
4 1
3 2
4 1
3 2
4 1
3 2
4 1
3 2
4 1
3 2
4 1
3 2
4 1
3 2
4 1
3 2
4 1
3 2
4 1
3 2
4 1
3 2
4 1
3 2
4 1
4 1
4 1
4 1
4 1
4 1
4 1
4 1
4 1
4 1
4 1
4 1
4 1
4 1
4 1
4 1
4 1
4 1
4 1
4 1
4 1
4 1
4 1
4 1
4 1
4 1
4 1
4 1
4 1
4 1
4 1
4 1
4 1
4 1
4 1
4 1
4 1
4 1
4 1
4 1
4 1
4 1
4 1
4 1
4 1
4 1
4 1
4 1
4 1
4 1
4 1
4 1
4 1
4 1
4 1
4 1
4 1
4 1
4 1
4 1
4 1
4 1
4 1
4 1
4 1
4 1
4 1
4 1
4 1
4 1
4 1
4 1
4 1
4 1
4 1
4 1
4 1
4 1
4 1
4 1
4 1
4 1
4 1
4 1
4 1
4 1
4 1
4 1
4 1
4 1
4 1
4 1
4 1
4 1
4 1
4 1
4 1
4 1
4 1
4 1
4 1
4 1
4 1
4 1
4 1
4 1
4 1
4 1
4 1
4 1
4 1
4 1
4 1
4 1
4 1
4 1
4 1
4 1
4 1
4 1
4 1
4 1
4 1
4 1
4 1
4 1
4 1
4 1
4 1
4 1
4 1
4 1
4 1
4 1
4 1
4 1
4 1
4 1
4 1
4 1
4 1
4 1
4 1
4 1
4 1
4 1
4 1
4 1
4 1
4 1
4 1
4 1
4 1
4 1
4 1
4 1
4 1
4 1
4 1
4 1
4 1
4 1
4 1
4 1
4 1
4 1
4 1
4 1
4 1
4 1
4 1
4 1
4 1
4 1
4 1
4 1
4 1
4 1
5 4
5 4
5 4
5 4
5 4
5 4
5 4
5 4
5 4
5 4
5 4
5 4
5 4
5 4
5 4
5 4
5 4
5 4
5 4
5 4
5 4
5 4
5 4
5 4
5 4
5 4
5 4
5 4
5 4
5 4
5 4
5 4
5 4
5 4
5 4
5 4
5 4
5 4
5 4
5 4
5 4
5 4
5 4
5 4
5 4
5 4
5 4
5 4
5 4
5 4
5 4
5 4
5 4
5 4
5 4
5 4
5 4
5 4
3 1
2 2
3 1
2 2
3 1
2 2
3 1
2 2
3 1
2 2
3 1
2 2
3 1
2 2
3 1
2 2
3 1
2 2
3 1
2 2
3 1
2 2
3 1
2 2
3 1
2 2
3 1
2 2
3 1
2 2
3 1
2 2
3 1
2 2
3 1
2 2
3 1
2 2
3 1
2 2
3 1
2 2
3 1
2 2
3 1
2 2
3 1
2 2
3 1
2 2
3 1
2 2
3 1
2 2
3 1
2 2
3 1
2 2
3 1
2 2
3 1
2 2
3 1
2 2
3 1
2 2
3 1
2 2
3 1
2 2
3 1
2 2
3 1
2 2
3 1
2 2
3 1
2 2
3 1
2 2
3 1
2 2
3 1
2 2
3 1
2 2
3 1
2 2
3 1
2 2
3 1
2 2
3 1
2 2
3 1
2 2
3 1
2 2
3 1
2 2
3 1
2 2
3 1
2 2
3 1
2 2
3 1
2 2
3 1
2 2
3 1
2 2
3 1
2 2
3 1
2 2
4 4
4 4
4 4
4 4
4 4
4 4
4 4
4 4
4 4
4 4
4 4
4 4
3 1
3 1
3 1
3 1
3 1
3 1
3 1
3 1
3 1
3 1
3 1
3 1
3 1
3 1
3 1
3 1
3 1
3 1
3 1
3 1
3 1
3 1
3 1
3 1
3 1
3 1
3 1
3 1
3 1
3 1
3 1
3 1
3 1
3 1
3 1
3 1
3 1
3 1
3 1
3 1
3 1
3 1
3 1
3 1
3 1
3 1
3 1
3 1
3 1
3 1
3 1
3 1
3 1
3 1
3 1
3 1
3 1
3 1
3 1
3 1
3 1
3 1
3 1
3 1
3 1
3 1
3 1
3 1
3 1
3 1
3 1
3 1
3 1
3 1
3 1
3 1
3 1
3 1
3 1
3 1
3 1
3 1
3 1
3 1
3 1
3 1
3 1
3 1
3 1
3 1
3 1
3 1
3 1
3 1
3 1
3 1
3 1
3 1
3 1
3 1
3 1
3 1
3 1
3 1
3 1
3 1
3 1
3 1
3 1
3 1
3 1
3 1
3 1
3 1
3 1
3 1
3 1
3 1
3 1
3 1
3 1
3 1
3 1
3 1
3 1
3 1
3 1
3 1
3 1
3 1
3 1
3 1
3 1
3 1
3 1
3 1
3 1
3 1
3 1
3 1
3 1
3 1
3 1
3 1
3 1
3 1
3 1
3 1
3 1
3 1
3 1
3 1
3 1
3 1
3 1
3 1
3 1
3 1
3 1
3 1
3 1
3 1
3 1
3 1
3 1
3 1
3 1
3 1
3 1
3 1
3 1
3 1
3 1
3 1
3 1
3 1
3 1
3 1
3 1
3 1
3 1
3 1
3 1
3 1
3 1
3 1
3 1
3 1
3 1
3 1
3 1
3 1
3 1
3 1
3 1
3 1
3 1
3 1
3 1
3 1
3 1
3 1
3 1
3 1
3 1
3 1
3 1
3 1
3 1
3 1
3 1
3 1
3 1
3 1
3 1
3 1
3 1
3 1
3 1
3 1
3 1
3 1
3 1
3 1
3 1
3 1
3 1
3 1
3 1
3 1
3 1
3 1
3 1
3 1
3 1
3 1
4 4
4 4
4 4
4 4
4 4
4 4
4 4
4 4
4 4
4 4
4 4
4 4
4 4
4 4
4 4
4 4
4 4
4 4
4 4
4 4
4 4
4 4
4 4
4 4
4 4
4 4
4 4
4 4
4 4
4 4
4 4
4 4
4 4
4 4
4 4
4 4
4 4
4 4
4 4
4 4
4 4
4 4
4 4
4 4
4 4
4 4
4 4
4 4
4 4
4 4
4 4
4 4
4 4
4 4
4 4
4 4
4 4
4 4
4 4
4 4
4 4
4 4
2 1
1 2
2 1
1 2
2 1
1 2
2 1
1 2
2 1
1 2
2 1
1 2
2 1
1 2
2 1
1 2
2 1
1 2
2 1
1 2
2 1
1 2
2 1
1 2
2 1
1 2
2 1
1 2
2 1
1 2
2 1
1 2
2 1
1 2
2 1
1 2
2 1
1 2
2 1
1 2
2 1
1 2
2 1
1 2
2 1
1 2
2 1
1 2
2 1
1 2
2 1
1 2
2 1
1 2
2 1
1 2
2 1
1 2
2 1
1 2
2 1
1 2
2 1
1 2
2 1
1 2
2 1
1 2
2 1
1 2
2 1
1 2
2 1
1 2
2 1
1 2
2 1
1 2
2 1
1 2
2 1
1 2
2 1
1 2
2 1
1 2
2 1
1 2
2 1
1 2
2 1
1 2
2 1
1 2
2 1
1 2
2 1
1 2
2 1
1 2
2 1
1 2
2 1
1 2
2 1
1 2
2 1
1 2
2 1
1 2
2 1
1 2
2 1
1 2
2 1
1 2
2 1
2 1
2 1
2 1
2 1
2 1
2 1
2 1
2 1
2 1
2 1
2 1
2 1
2 1
2 1
2 1
2 1
2 1
2 1
2 1
2 1
2 1
2 1
2 1
2 1
2 1
2 1
2 1
2 1
2 1
2 1
2 1
2 1
2 1
2 1
2 1
2 1
2 1
2 1
2 1
2 1
2 1
2 1
2 1
2 1
2 1
2 1
2 1
2 1
2 1
2 1
2 1
2 1
2 1
2 1
2 1
2 1
2 1
2 1
2 1
2 1
2 1
2 1
2 1
2 1
2 1
2 1
2 1
2 1
2 1
2 1
2 1
2 1
2 1
2 1
2 1
2 1
2 1
2 1
2 1
2 1
2 1
2 1
2 1
2 1
2 1
2 1
2 1
2 1
2 1
2 1
2 1
2 1
2 1
2 1
2 1
2 1
2 1
2 1
2 1
2 1
2 1
2 1
2 1
2 1
2 1
2 1
2 1
2 1
2 1
2 1
2 1
2 1
2 1
2 1
2 1
2 1
2 1
2 1
2 1
2 1
2 1
2 1
2 1
2 1
2 1
2 1
2 1
2 1
2 1
2 1
2 1
2 1
2 1
2 1
2 1
2 1
2 1
2 1
2 1
2 1
2 1
2 1
2 1
2 1
2 1
2 1
2 1
2 1
2 1
2 1
2 1
2 1
2 1
2 1
2 1
2 1
2 1
2 1
2 1
2 1
2 1
2 1
2 1
2 1
2 1
2 1
2 1
2 1
2 1
2 1
2 1
2 1
2 1
2 1
2 1
2 1
2 1
2 1
2 1
2 1
2 1
2 1
2 1
2 1
2 1
2 1
2 1
2 1
2 1
2 1
2 1
2 1
2 1
2 1
2 1
2 1
2 1
2 1
2 1
2 1
2 1
2 1
2 1
2 1
2 1
2 1
2 1
2 1
2 1
2 1
2 1
2 1
2 1
2 1
2 1
2 1
2 1
2 1
2 1
2 1
2 1
2 1
2 1
2 1
2 1
2 1
2 1
2 1
2 1
2 1
2 1
2 1
2 1
2 1
2 1
2 1
2 1
2 1
2 1
2 1
2 1
2 1
2 1
2 1
2 1
2 1
2 1
2 1
2 1
2 1
2 1
2 1
2 1
2 1
2 1
2 1
2 1
2 1
2 1
2 1
2 1
2 1
2 1
2 1
2 1
2 1
2 1
2 1
2 1
2 1
2 1
2 1
2 1
2 1
2 1
2 1
2 1
2 1
2 1
2 1
2 1
2 1
2 1
2 1
2 1
2 1
2 1
2 1
2 1
2 1
2 1
2 1
2 1
1 1
1 1
1 1
1 1
1 1
1 1
1 1
1 1
1 1
1 1
1 1
1 1
1 1
1 1
1 1
1 1
1 1
1 1
1 1
1 1
1 1
1 1
1 1
1 1
1 1
1 1
1 1
1 1
1 1
1 1
1 1
1 1
1 1
1 1
1 1
1 1
1 1
1 1
1 1
1 1
1 1
1 1
1 1
1 1
1 1
1 1
1 1
1 1
1 1
1 1
1 1
1 1
1 1
1 1
1 1
1 1
1 1
1 1
1 1
1 1
1 1
1 1
1 1
1 1
1 1
1 1
1 1
1 1
1 1
1 1
1 1
1 1
1 1
1 1
1 1
1 1
1 1
1 1
1 1
1 1
1 1
1 1
1 1
1 1
1 1
1 1
1 1
1 1
1 1
1 1
1 1
1 1
1 1
1 1
1 1
1 1
1 1
1 1
1 1
1 1
1 1
1 1
1 1
1 1
1 1
1 1
1 1
1 1
1 1
1 1
1 1
1 1
1 1
1 1
1 1
1 1
1 1
1 1
1 1
1 1
1 1
1 1
1 1
1 1
1 1
1 1
1 1
1 1
1 1
1 1
1 1
1 1
1 1
1 1
1 1
1 1
1 1
1 1
1 1
1 1
1 1
1 1
1 1
1 1
1 1
1 1
1 1
1 1
1 1
1 1
1 1
1 1
1 1
1 1
1 1
1 1
1 1
1 1
1 1
1 1
1 1
1 1
1 1
1 1
1 1
1 1
1 1
1 1
1 1
1 1
1 1
1 1
1 1
1 1
1 1
1 1
1 1
1 1
1 1
1 1
1 1
1 1
1 1
1 1
1 1
1 1
1 1
1 1
1 1
1 1
1 1
1 1
1 1
1 1
1 1
1 1
1 1
1 1
1 1
1 1
1 1
1 1
1 1
1 1
1 1
1 1
1 1
1 1
1 1
1 1
1 1
1 1
1 1
1 1
1 1
1 1
1 1
1 1
1 1
1 1
1 1
1 1
1 1
1 1
1 1
1 1
1 1
1 1
1 1
1 1
1 1
1 1
1 1
1 1
1 1
1 1
1 1
1 1
1 1
1 1
1 1
1 1
1 1
1 1
1 1
1 1
1 1
1 1
1 1
1 1
1 1
1 1
1 1
1 1
1 1
1 1
1 1
1 1
1 1
1 1
1 1
1 1
1 1
1 1
1 1
1 1
1 1
1 1
1 1
1 1
1 1
1 1
1 1
1 1
1 1
1 1
1 1
1 1
1 1
1 1
1 1
1 1
1 1
1 1
1 1
1 1
1 1
1 1
1 1
1 1
1 1
1 1
1 1
1 1
1 1
1 1
1 1
1 1
1 1
1 1
1 1
1 1
1 1
1 1
1 1
1 1
1 1
1 1
1 1
1 1
1 1
1 1
1 1
1 1
1 1
1 1
1 1
1 1
1 1
1 1
1 1
1 1
1 1
1 1
1 1
1 1
1 1
1 1
1 1
1 1
1 1
1 1
1 1
1 1
1 1
1 1
1 1
1 1
1 1
1 1
1 1
1 1
1 1
1 1
1 1
1 1
1 1
1 1
1 1
1 1
1 1
1 1
1 1
1 1
1 1
1 1
1 1
1 1
1 1
1 1
1 1
1 1
1 1
1 1
1 1
1 1
1 1
1 1
1 1
1 1
1 1
1 1
1 1
1 1
1 1
1 1
1 1
1 1
1 1
1 1
1 1
1 1
1 1
1 1
1 1
1 1
1 1
1 1
1 1
1 1
1 1
1 1
1 1
1 1
1 1
1 1
1 1
1 1
1 1
1 1
1 1
1 1
1 1
1 1
1 1
1 1
1 1
1 1
1 1
1 1
1 0
1 0
1 0
1 0
1 0
1 0
1 0
1 0
1 0
1 0
1 0
1 0
1 0
1 0
1 0
1 0
1 0
1 0
1 0
1 0
1 0
1 0
1 0
1 0
1 0
1 0
1 0
1 0
1 0
1 0
1 0
1 0
1 0
1 0
1 0
1 0
1 0
1 0
1 0
1 0
1 0
1 0
1 0
1 0
1 0
1 0
1 0
1 0
1 0
1 0
1 0
1 0
1 0
1 0
1 0
1 0
1 0
1 0
1 0
1 0
1 0
1 0
1 0
1 0
1 0
1 0
1 0
1 0
1 0
1 0
1 0
1 0
1 0
1 0
1 0
1 0
1 0
1 0
1 0
1 0
1 0
1 0
1 0
1 0
1 0
1 0
1 0
1 0
1 0
1 0
1 0
1 0
1 0
1 0
1 0
1 0
1 0
1 0
1 0
1 0
1 0
1 0
1 0
1 0
1 0
1 0
1 0
1 0
1 0
1 0
1 0
1 0
1 0
1 0
1 0
1 0
1 0
1 0
1 0
1 0
1 0
1 0
1 0
1 0
1 0
1 0
1 0
1 0
1 0
1 0
1 0
1 0
1 0
1 0
1 0
1 0
1 0
1 0
1 0
1 0
1 0
1 0
1 0
1 0
1 0
1 0
1 0
1 0
1 0
1 0
1 0
1 0
1 0
1 0
1 0
1 0
1 0
1 0
1 0
1 0
1 0
1 0
1 0
1 0
1 0
1 0
1 0
1 0
1 0
1 0
1 0
1 0
1 0
1 0
1 0
1 0
1 0
1 0
1 0
1 0
1 0
1 0
1 0
1 0
1 0
1 0
1 0
1 0
1 0
1 0
1 0
1 0
1 0
1 0
1 0
1 0
1 0
1 0
1 0
1 0
1 0
1 0
1 0
1 0
1 0
1 0
1 0
1 0
1 0
1 0
1 0
1 0
1 0
1 0
1 0
1 0
1 0
1 0
1 0
1 0
1 0
1 0
1 0
1 0
1 0
1 0
1 0
1 0
1 0
1 0
1 0
1 0
1 0
1 0
1 0
1 0
1 0
1 0
1 0
1 0
1 0
1 0
1 0
1 0
1 0
1 0
1 0
1 0
1 0
1 0
1 0
1 0
1 0
1 0
1 0
1 0
1 0
1 0
1 0
1 0
1 0
1 0
1 0
1 0
1 0
1 0
1 0
1 0
1 0
1 0
1 0
1 0
1 0
1 0
1 0
1 0
1 0
1 0
1 0
1 0
1 0
1 0
1 0
1 0
1 0
1 0
1 0
1 0
1 0
1 0
1 0
1 0
1 0
1 0
1 0
1 0
1 0
1 0
1 0
1 0
1 0
1 0
1 0
1 0
1 0
1 0
1 0
1 0
1 0
1 0
1 0
1 0
1 0
1 0
1 0
1 0
1 0
1 0
1 0
1 0
1 0
1 0
1 0
1 0
1 0
1 0
1 0
1 0
1 0
1 0
1 0
1 0
1 0
1 0
1 0
1 0
1 0
1 0
1 0
1 0
1 0
1 0
1 0
1 0
1 0
1 0
1 0
1 0
1 0
1 0
1 0
1 0
1 0
1 0
1 0
1 0
1 0
1 0
1 0
1 0
1 0
1 0
1 0
1 0
1 0
1 0
1 0
1 0
1 0
1 0
1 0
1 0
1 0
1 0
1 0
1 0
1 0
1 0
1 0
1 0
1 0
1 0
1 0
1 0
1 0
1 0
1 0
1 0
1 0
1 0
1 0
1 0
1 0
1 0
1 0
1 0
1 0
1 0
1 0
1 0
1 0
1 0
1 0
1 0
1 0
1 0
1 0
1 0
1 0
1 0
41
10 29
10 28
10 27
10 26
11 26
11 25
11 24
10 24
10 23
10 22
9 22
9 21
9 20
8 20
8 19
8 18
8 17
8 16
8 15
8 14
7 14
7 13
7 12
7 11
7 10
7 9
7 8
7 7
7 6
7 5
7 4
7 3
7 2
6 2
5 2
4 2
3 2
2 2
1 2
1 1
1 0
