160
11 29
11 28
10 28
10 27
9 27
9 26
9 25
8 25
8 24
8 23
7 23
7 22
7 21
7 20
7 19
7 18
6 18
6 17
6 16
5 16
5 15
5 14
4 14
4 13
4 12
3 13
2 13
1 13
3 14
2 14
1 14
5 12
5 11
5 10
4 10
4 9
4 8
3 8
3 7
3 6
2 6
2 5
2 4
1 4
1 5
1 6
3 4
2 7
1 7
2 8
1 8
4 6
4 5
4 4
5 4
3 10
2 10
1 10
5 8
5 7
5 6
6 6
6 5
6 4
1 11
2 11
3 11
6 10
6 9
6 8
7 4
4 15
7 8
7 7
7 6
6 14
6 13
6 12
1 15
8 6
8 5
8 4
7 12
7 11
7 10
8 10
8 9
8 8
5 18
4 18
4 17
3 17
3 16
2 16
2 17
1 17
3 18
9 4
7 16
7 15
7 14
9 8
9 7
9 6
9 5
6 19
5 19
4 19
8 14
8 13
8 12
1 18
10 5
10 4
9 12
9 11
9 10
10 6
8 18
8 17
8 16
10 7
10 10
10 9
10 8
6 21
9 16
9 15
9 14
5 20
6 22
5 22
4 22
4 21
3 21
3 20
2 20
2 19
1 20
2 21
1 21
3 22
10 14
10 13
10 12
11 4
11 3
11 2
10 2
9 2
8 2
7 2
6 2
5 2
4 2
3 2
2 2
2 1
1 1
1 0
52
11 29
11 28
10 28
10 27
9 27
9 26
9 25
8 25
8 24
8 23
7 23
7 22
7 21
7 20
7 19
7 18
6 18
6 17
6 16
5 16
5 15
5 14
6 14
6 13
6 12
7 12
7 11
7 10
8 10
8 9
8 8
9 8
9 7
9 6
9 5
10 5
10 4
11 4
11 3
11 2
10 2
9 2
8 2
7 2
6 2
5 2
4 2
3 2
2 2
2 1
1 1
1 0
