249
11 29
10 29
11 28
9 29
10 28
8 29
10 27
7 29
8 28
9 27
6 29
8 27
9 26
5 29
7 27
9 25
4 29
5 28
6 27
7 26
8 25
3 29
4 28
5 27
6 26
7 25
8 24
2 29
3 28
4 27
5 26
6 25
8 23
2 28
4 26
5 25
9 23
7 23
1 28
2 27
3 26
4 25
5 24
10 23
9 22
6 23
7 22
3 25
5 23
10 24
11 23
9 21
6 22
7 21
2 25
3 24
4 23
5 22
11 24
11 22
10 21
8 21
6 21
7 20
1 25
2 24
4 22
11 25
11 21
10 20
8 20
7 19
1 26
1 24
2 23
3 22
4 21
11 26
11 20
6 19
7 18
3 21
11 19
5 19
6 18
8 18
2 21
3 20
11 18
5 20
4 19
5 18
6 17
9 18
8 17
1 21
2 20
10 18
11 17
4 18
6 16
9 19
8 16
1 22
1 20
2 19
10 17
11 16
3 18
4 17
7 16
5 16
9 16
10 16
11 15
3 17
7 15
5 15
9 15
11 14
2 17
3 16
7 14
4 15
5 14
9 14
10 14
11 13
1 17
2 16
8 14
6 14
4 14
10 13
11 12
1 18
8 13
6 13
3 14
4 13
10 12
11 11
8 12
6 12
2 14
3 13
4 12
9 12
11 10
7 12
5 12
1 14
2 13
9 11
10 10
11 9
7 11
5 11
1 15
1 13
9 10
10 9
11 8
7 10
5 10
8 10
10 8
11 7
6 10
4 10
8 9
9 8
10 7
11 6
6 9
3 10
4 9
8 8
9 7
10 6
11 5
6 8
3 11
2 10
4 8
7 8
9 6
10 5
11 4
5 8
2 11
1 10
3 8
7 7
8 6
9 5
10 4
11 3
5 7
1 11
2 8
3 7
7 6
8 5
9 4
11 2
5 6
1 8
2 7
3 6
6 6
8 4
10 2
11 1
4 6
1 7
2 6
6 5
7 4
9 2
10 1
4 5
1 6
2 5
6 4
8 2
9 1
4 4
1 5
2 4
5 4
7 2
8 1
3 4
1 4
6 2
7 1
5 2
6 1
4 2
5 1
3 2
4 1
2 2
3 1
1 2
2 1
1 1
1 0
46
11 29
10 29
10 28
10 27
9 27
9 26
9 25
8 25
8 24
8 23
9 23
10 23
11 23
11 22
11 21
11 20
11 19
11 18
11 17
11 16
11 15
11 14
11 13
11 12
11 11
11 10
11 9
11 8
11 7
11 6
11 5
11 4
11 3
11 2
10 2
9 2
8 2
7 2
6 2
5 2
4 2
3 2
2 2
1 2
1 1
1 0
