65
11 29
11 28
10 28
10 29
9 29
8 29
8 28
8 27
9 27
10 27
9 26
9 25
8 25
8 24
8 23
9 23
10 23
10 24
11 24
11 25
11 26
11 23
11 22
11 21
11 20
11 19
11 18
11 17
11 16
11 15
11 14
11 13
11 12
11 11
11 10
11 9
11 8
11 7
11 6
11 5
11 4
11 3
11 2
11 1
10 1
10 2
9 2
9 1
8 1
8 2
7 2
7 1
6 1
6 2
5 2
5 1
4 1
4 2
3 2
3 1
2 1
2 2
1 2
1 1
1 0
62
11 29
11 28
10 28
10 29
9 29
8 29
8 28
8 27
9 27
9 26
9 25
8 25
8 24
8 23
9 23
10 23
10 24
11 24
11 23
11 22
11 21
11 20
11 19
11 18
11 17
11 16
11 15
11 14
11 13
11 12
11 11
11 10
11 9
11 8
11 7
11 6
11 5
11 4
11 3
11 2
11 1
10 1
10 2
9 2
9 1
8 1
8 2
7 2
7 1
6 1
6 2
5 2
5 1
4 1
4 2
3 2
3 1
2 1
2 2
1 2
1 1
1 0
