9002
11 29
11 28
10 29
10 28
9 29
10 28
8 29
10 27
10 27
8 28
7 29
9 27
9 27
6 29
8 27
9 26
8 27
9 26
8 27
5 29
7 27
7 27
7 27
9 25
9 25
5 28
4 29
7 26
6 27
7 26
6 27
7 26
6 27
8 25
8 25
4 28
3 29
5 27
4 28
6 26
5 27
6 26
5 27
6 26
5 27
7 25
6 26
7 25
6 26
7 25
6 26
8 24
7 25
8 24
7 25
3 28
2 29
4 27
3 28
4 27
3 28
5 26
4 27
5 26
4 27
5 26
4 27
5 26
4 27
6 25
5 26
6 25
5 26
6 25
5 26
6 25
5 26
6 25
5 26
6 25
5 26
6 25
6 25
6 25
6 25
6 25
8 23
8 23
2 28
2 28
2 28
2 28
4 26
4 26
4 26
4 26
4 26
4 26
5 25
4 26
5 25
4 26
5 25
4 26
5 25
4 26
5 25
4 26
5 25
4 26
5 25
4 26
5 25
4 26
5 25
4 26
5 25
4 26
5 25
5 25
5 25
5 25
5 25
5 25
5 25
5 25
5 25
5 25
5 25
9 23
7 23
9 23
7 23
2 27
1 28
2 27
1 28
2 27
1 28
2 27
1 28
4 25
3 26
4 25
3 26
4 25
3 26
4 25
3 26
4 25
3 26
4 25
3 26
4 25
3 26
4 25
3 26
4 25
3 26
4 25
3 26
4 25
3 26
4 25
3 26
4 25
3 26
4 25
3 26
4 25
3 26
4 25
3 26
5 24
4 25
5 24
4 25
5 24
4 25
5 24
4 25
5 24
4 25
5 24
4 25
5 24
4 25
5 24
4 25
5 24
4 25
5 24
4 25
5 24
4 25
5 24
4 25
5 24
4 25
5 24
4 25
5 24
4 25
5 24
4 25
5 24
4 25
5 24
4 25
5 24
4 25
5 24
4 25
5 24
4 25
7 22
6 23
7 22
6 23
10 23
9 22
10 23
9 22
3 25
3 25
3 25
3 25
3 25
3 25
3 25
3 25
3 25
3 25
3 25
3 25
3 25
3 25
3 25
3 25
3 25
3 25
3 25
3 25
3 25
3 25
3 25
3 25
3 25
3 25
3 25
3 25
3 25
3 25
3 25
3 25
3 25
3 25
3 25
3 25
3 25
3 25
3 25
3 25
3 25
3 25
3 25
3 25
3 25
3 25
3 25
3 25
3 25
3 25
3 25
3 25
3 25
5 23
5 23
5 23
5 23
5 23
5 23
5 23
5 23
5 23
5 23
5 23
5 23
5 23
5 23
5 23
5 23
5 23
5 23
5 23
5 23
5 23
6 22
5 23
6 22
5 23
7 21
6 22
7 21
6 22
9 21
9 21
10 24
11 23
10 24
11 23
3 24
2 25
3 24
2 25
3 24
2 25
3 24
2 25
3 24
2 25
3 24
2 25
3 24
2 25
3 24
2 25
3 24
2 25
3 24
2 25
3 24
2 25
3 24
2 25
3 24
2 25
3 24
2 25
3 24
2 25
3 24
2 25
3 24
2 25
3 24
2 25
3 24
2 25
3 24
2 25
3 24
2 25
3 24
2 25
3 24
2 25
3 24
2 25
3 24
2 25
3 24
2 25
3 24
2 25
3 24
2 25
3 24
2 25
3 24
2 25
3 24
2 25
3 24
2 25
3 24
2 25
3 24
2 25
3 24
2 25
3 24
2 25
3 24
2 25
3 24
2 25
3 24
2 25
3 24
2 25
3 24
2 25
3 24
2 25
3 24
2 25
3 24
2 25
3 24
2 25
3 24
2 25
3 24
2 25
3 24
2 25
3 24
2 25
3 24
2 25
3 24
2 25
3 24
2 25
3 24
2 25
5 22
4 23
5 22
4 23
5 22
4 23
5 22
4 23
5 22
4 23
5 22
4 23
5 22
4 23
5 22
4 23
5 22
4 23
5 22
4 23
5 22
4 23
5 22
4 23
5 22
4 23
5 22
4 23
5 22
4 23
5 22
4 23
5 22
4 23
5 22
4 23
5 22
4 23
5 22
4 23
5 22
4 23
5 22
4 23
5 22
4 23
6 21
5 22
6 21
5 22
6 21
5 22
6 21
5 22
8 21
7 20
6 21
8 21
7 20
6 21
10 21
8 21
10 21
8 21
11 24
11 24
11 24
11 22
11 24
11 22
2 24
1 25
2 24
1 25
2 24
1 25
2 24
1 25
2 24
1 25
2 24
1 25
2 24
1 25
2 24
1 25
2 24
1 25
2 24
1 25
2 24
1 25
2 24
1 25
2 24
1 25
2 24
1 25
2 24
1 25
2 24
1 25
2 24
1 25
2 24
1 25
2 24
1 25
2 24
1 25
2 24
1 25
2 24
1 25
2 24
1 25
2 24
1 25
2 24
1 25
2 24
1 25
2 24
1 25
2 24
1 25
2 24
1 25
2 24
1 25
2 24
1 25
2 24
1 25
2 24
1 25
2 24
1 25
2 24
1 25
2 24
1 25
2 24
1 25
2 24
1 25
2 24
1 25
2 24
1 25
2 24
1 25
2 24
1 25
2 24
1 25
2 24
1 25
2 24
1 25
2 24
1 25
2 24
1 25
2 24
1 25
2 24
1 25
2 24
1 25
2 24
1 25
2 24
1 25
2 24
1 25
2 24
2 24
2 24
2 24
2 24
2 24
2 24
2 24
2 24
2 24
2 24
2 24
2 24
2 24
2 24
2 24
2 24
2 24
2 24
2 24
2 24
2 24
2 24
2 24
2 24
2 24
2 24
2 24
2 24
2 24
2 24
2 24
2 24
2 24
2 24
2 24
2 24
2 24
2 24
2 24
2 24
2 24
2 24
2 24
2 24
2 24
2 24
2 24
2 24
2 24
2 24
2 24
2 24
4 22
4 22
4 22
4 22
4 22
4 22
4 22
4 22
4 22
4 22
4 22
4 22
4 22
4 22
4 22
4 22
4 22
4 22
4 22
4 22
4 22
4 22
4 22
4 22
4 22
4 22
4 22
4 22
4 22
4 22
4 22
4 22
4 22
4 22
4 22
4 22
4 22
4 22
4 22
4 22
4 22
4 22
4 22
4 22
4 22
4 22
4 22
4 22
4 22
4 22
8 20
7 19
8 20
7 19
8 20
8 20
8 20
8 20
11 21
10 20
11 21
10 20
11 21
11 21
11 25
11 25
11 25
11 25
1 26
1 24
1 26
1 24
1 26
1 24
1 26
1 24
1 26
1 24
1 26
1 24
1 26
1 24
1 26
1 24
1 26
1 24
1 26
1 24
1 26
1 24
1 26
1 24
1 26
1 24
1 26
1 24
1 26
1 24
1 26
1 24
1 26
1 24
1 26
1 24
1 26
1 24
1 26
1 24
1 26
1 24
1 26
1 24
1 26
1 24
1 26
1 24
1 26
1 24
1 26
1 24
1 26
1 24
1 26
1 24
1 26
1 24
1 26
1 24
1 26
1 24
1 26
1 24
1 26
1 24
1 26
1 24
1 26
1 24
1 26
1 24
1 26
1 24
1 26
1 24
1 26
1 24
1 26
1 24
1 26
1 24
1 26
1 24
1 26
1 24
1 26
1 24
1 26
1 24
1 26
1 24
1 26
1 24
1 26
1 24
1 26
1 24
1 26
1 24
1 26
1 24
1 26
1 24
1 26
1 24
2 23
1 24
2 23
1 24
2 23
1 24
2 23
1 24
2 23
1 24
2 23
1 24
2 23
1 24
2 23
1 24
2 23
1 24
2 23
1 24
2 23
1 24
2 23
1 24
2 23
1 24
2 23
1 24
2 23
1 24
2 23
1 24
2 23
1 24
2 23
1 24
2 23
1 24
2 23
1 24
2 23
1 24
2 23
1 24
2 23
1 24
2 23
1 24
2 23
1 24
2 23
1 24
2 23
1 24
2 23
1 24
2 23
1 24
2 23
1 24
2 23
1 24
2 23
1 24
2 23
1 24
2 23
1 24
2 23
1 24
2 23
1 24
2 23
1 24
2 23
1 24
2 23
1 24
2 23
1 24
2 23
1 24
2 23
1 24
2 23
1 24
2 23
1 24
2 23
1 24
2 23
1 24
2 23
1 24
2 23
1 24
2 23
1 24
2 23
1 24
2 23
1 24
2 23
1 24
2 23
1 24
2 23
1 24
2 23
1 24
2 23
1 24
2 23
1 24
2 23
1 24
2 23
1 24
2 23
1 24
2 23
1 24
2 23
1 24
2 23
1 24
2 23
1 24
2 23
1 24
2 23
1 24
2 23
1 24
2 23
1 24
2 23
1 24
2 23
1 24
2 23
1 24
2 23
1 24
2 23
1 24
2 23
1 24
2 23
1 24
2 23
1 24
2 23
1 24
2 23
1 24
2 23
1 24
2 23
1 24
2 23
1 24
2 23
1 24
2 23
1 24
2 23
1 24
2 23
1 24
2 23
1 24
2 23
1 24
2 23
1 24
2 23
1 24
2 23
1 24
2 23
1 24
2 23
1 24
2 23
1 24
2 23
1 24
2 23
1 24
2 23
1 24
2 23
1 24
2 23
1 24
2 23
1 24
2 23
1 24
2 23
1 24
2 23
1 24
2 23
1 24
2 23
1 24
2 23
1 24
2 23
1 24
4 21
3 22
4 21
3 22
4 21
3 22
4 21
3 22
4 21
3 22
4 21
3 22
4 21
3 22
4 21
3 22
4 21
3 22
4 21
3 22
4 21
3 22
4 21
3 22
4 21
3 22
4 21
3 22
4 21
3 22
4 21
3 22
4 21
3 22
4 21
3 22
4 21
3 22
4 21
3 22
4 21
3 22
4 21
3 22
4 21
3 22
4 21
3 22
4 21
3 22
4 21
3 22
4 21
3 22
4 21
3 22
4 21
3 22
4 21
3 22
4 21
3 22
4 21
3 22
4 21
3 22
4 21
3 22
4 21
3 22
4 21
3 22
4 21
3 22
4 21
3 22
4 21
3 22
4 21
3 22
4 21
3 22
4 21
3 22
4 21
3 22
4 21
3 22
4 21
3 22
4 21
3 22
4 21
3 22
4 21
3 22
4 21
3 22
4 21
3 22
7 18
6 19
7 18
6 19
11 20
11 20
11 20
11 20
11 20
11 20
11 26
11 26
11 26
11 26
3 21
3 21
3 21
3 21
3 21
3 21
3 21
3 21
3 21
3 21
3 21
3 21
3 21
3 21
3 21
3 21
3 21
3 21
3 21
3 21
3 21
3 21
3 21
3 21
3 21
3 21
3 21
3 21
3 21
3 21
3 21
3 21
3 21
3 21
3 21
3 21
3 21
3 21
3 21
3 21
3 21
3 21
3 21
3 21
3 21
3 21
3 21
3 21
3 21
3 21
3 21
3 21
3 21
3 21
3 21
3 21
3 21
3 21
3 21
3 21
3 21
3 21
3 21
3 21
3 21
3 21
3 21
3 21
3 21
3 21
3 21
3 21
3 21
3 21
3 21
3 21
3 21
3 21
3 21
3 21
3 21
3 21
3 21
3 21
3 21
3 21
3 21
3 21
3 21
3 21
3 21
3 21
3 21
3 21
3 21
3 21
3 21
3 21
3 21
3 21
6 18
5 19
6 18
5 19
8 18
6 18
8 18
6 18
11 19
11 19
11 19
11 19
11 19
11 19
3 20
2 21
3 20
2 21
3 20
2 21
3 20
2 21
3 20
2 21
3 20
2 21
3 20
2 21
3 20
2 21
3 20
2 21
3 20
2 21
3 20
2 21
3 20
2 21
3 20
2 21
3 20
2 21
3 20
2 21
3 20
2 21
3 20
2 21
3 20
2 21
3 20
2 21
3 20
2 21
3 20
2 21
3 20
2 21
3 20
2 21
3 20
2 21
3 20
2 21
3 20
2 21
3 20
2 21
3 20
2 21
3 20
2 21
3 20
2 21
3 20
2 21
3 20
2 21
3 20
2 21
3 20
2 21
3 20
2 21
3 20
2 21
3 20
2 21
3 20
2 21
3 20
2 21
3 20
2 21
3 20
2 21
3 20
2 21
3 20
2 21
3 20
2 21
3 20
2 21
3 20
2 21
3 20
2 21
3 20
2 21
3 20
2 21
3 20
2 21
3 20
2 21
3 20
2 21
3 20
2 21
3 20
2 21
3 20
2 21
3 20
2 21
3 20
2 21
3 20
2 21
3 20
2 21
3 20
2 21
3 20
2 21
3 20
2 21
3 20
2 21
3 20
2 21
3 20
2 21
3 20
2 21
3 20
2 21
3 20
2 21
3 20
2 21
3 20
2 21
3 20
2 21
3 20
2 21
3 20
2 21
3 20
2 21
3 20
2 21
3 20
2 21
3 20
2 21
3 20
2 21
3 20
2 21
3 20
2 21
3 20
2 21
3 20
2 21
3 20
2 21
3 20
2 21
3 20
2 21
3 20
2 21
3 20
2 21
3 20
2 21
3 20
2 21
3 20
2 21
3 20
2 21
3 20
2 21
3 20
2 21
3 20
2 21
3 20
2 21
3 20
2 21
3 20
2 21
3 20
2 21
3 20
2 21
3 20
2 21
5 20
5 18
4 19
5 20
5 18
4 19
6 17
5 18
6 17
5 18
6 17
5 18
6 17
5 18
9 18
8 17
9 18
8 17
11 18
11 18
11 18
11 18
11 18
11 18
2 20
1 21
2 20
1 21
2 20
1 21
2 20
1 21
2 20
1 21
2 20
1 21
2 20
1 21
2 20
1 21
2 20
1 21
2 20
1 21
2 20
1 21
2 20
1 21
2 20
1 21
2 20
1 21
2 20
1 21
2 20
1 21
2 20
1 21
2 20
1 21
2 20
1 21
2 20
1 21
2 20
1 21
2 20
1 21
2 20
1 21
2 20
1 21
2 20
1 21
2 20
1 21
2 20
1 21
2 20
1 21
2 20
1 21
2 20
1 21
2 20
1 21
2 20
1 21
2 20
1 21
2 20
1 21
2 20
1 21
2 20
1 21
2 20
1 21
2 20
1 21
2 20
1 21
2 20
1 21
2 20
1 21
2 20
1 21
2 20
1 21
2 20
1 21
2 20
1 21
2 20
1 21
2 20
1 21
2 20
1 21
2 20
1 21
2 20
1 21
2 20
1 21
2 20
1 21
2 20
1 21
2 20
1 21
2 20
1 21
2 20
1 21
2 20
1 21
2 20
1 21
2 20
1 21
2 20
1 21
2 20
1 21
2 20
1 21
2 20
1 21
2 20
1 21
2 20
1 21
2 20
1 21
2 20
1 21
2 20
1 21
2 20
1 21
2 20
1 21
2 20
1 21
2 20
1 21
2 20
1 21
2 20
1 21
2 20
1 21
2 20
1 21
2 20
1 21
2 20
1 21
2 20
1 21
2 20
1 21
2 20
1 21
2 20
1 21
2 20
1 21
2 20
1 21
2 20
1 21
2 20
1 21
2 20
1 21
2 20
1 21
2 20
1 21
2 20
1 21
2 20
1 21
2 20
1 21
2 20
1 21
2 20
1 21
2 20
1 21
2 20
1 21
2 20
1 21
2 20
1 21
2 20
1 21
2 20
1 21
2 20
2 20
2 20
2 20
2 20
2 20
2 20
2 20
2 20
2 20
2 20
2 20
2 20
2 20
2 20
2 20
2 20
2 20
2 20
2 20
2 20
2 20
2 20
2 20
2 20
2 20
2 20
2 20
2 20
2 20
2 20
2 20
2 20
2 20
2 20
2 20
2 20
2 20
2 20
2 20
2 20
2 20
2 20
2 20
2 20
2 20
2 20
2 20
2 20
2 20
2 20
2 20
2 20
2 20
2 20
2 20
2 20
2 20
2 20
2 20
2 20
2 20
2 20
2 20
2 20
2 20
2 20
2 20
2 20
2 20
2 20
2 20
2 20
2 20
2 20
2 20
2 20
2 20
2 20
2 20
2 20
2 20
2 20
2 20
2 20
2 20
2 20
2 20
2 20
2 20
2 20
2 20
2 20
2 20
2 20
2 20
2 20
2 20
2 20
2 20
4 18
4 18
4 18
4 18
4 18
4 18
4 18
4 18
6 16
6 16
6 16
6 16
8 16
8 16
9 19
10 18
9 19
10 18
11 17
10 18
11 17
10 18
11 17
10 18
11 17
10 18
11 17
10 18
11 17
10 18
1 22
1 20
1 22
1 20
1 22
1 20
1 22
1 20
1 22
1 20
1 22
1 20
1 22
1 20
1 22
1 20
1 22
1 20
1 22
1 20
1 22
1 20
1 22
1 20
1 22
1 20
1 22
1 20
1 22
1 20
1 22
1 20
1 22
1 20
1 22
1 20
1 22
1 20
1 22
1 20
1 22
1 20
1 22
1 20
1 22
1 20
1 22
1 20
1 22
1 20
1 22
1 20
1 22
1 20
1 22
1 20
1 22
1 20
1 22
1 20
1 22
1 20
1 22
1 20
1 22
1 20
1 22
1 20
1 22
1 20
1 22
1 20
1 22
1 20
1 22
1 20
1 22
1 20
1 22
1 20
1 22
1 20
1 22
1 20
1 22
1 20
1 22
1 20
1 22
1 20
1 22
1 20
1 22
1 20
1 22
1 20
1 22
1 20
1 22
1 20
1 22
1 20
1 22
1 20
1 22
1 20
1 22
1 20
1 22
1 20
1 22
1 20
1 22
1 20
1 22
1 20
1 22
1 20
1 22
1 20
1 22
1 20
1 22
1 20
1 22
1 20
1 22
1 20
1 22
1 20
1 22
1 20
1 22
1 20
1 22
1 20
1 22
1 20
1 22
1 20
1 22
1 20
1 22
1 20
1 22
1 20
1 22
1 20
1 22
1 20
1 22
1 20
1 22
1 20
1 22
1 20
1 22
1 20
1 22
1 20
1 22
1 20
1 22
1 20
1 22
1 20
1 22
1 20
1 22
1 20
1 22
1 20
1 22
1 20
1 22
1 20
1 22
1 20
1 22
1 20
1 22
1 20
1 22
1 20
1 22
1 20
1 22
1 20
1 22
1 20
1 22
1 20
1 22
1 20
1 22
1 20
1 22
1 20
1 22
1 20
2 19
1 20
2 19
1 20
2 19
1 20
2 19
1 20
2 19
1 20
2 19
1 20
2 19
1 20
2 19
1 20
2 19
1 20
2 19
1 20
2 19
1 20
2 19
1 20
2 19
1 20
2 19
1 20
2 19
1 20
2 19
1 20
2 19
1 20
2 19
1 20
2 19
1 20
2 19
1 20
2 19
1 20
2 19
1 20
2 19
1 20
2 19
1 20
2 19
1 20
2 19
1 20
2 19
1 20
2 19
1 20
2 19
1 20
2 19
1 20
2 19
1 20
2 19
1 20
2 19
1 20
2 19
1 20
2 19
1 20
2 19
1 20
2 19
1 20
2 19
1 20
2 19
1 20
2 19
1 20
2 19
1 20
2 19
1 20
2 19
1 20
2 19
1 20
2 19
1 20
2 19
1 20
2 19
1 20
2 19
1 20
2 19
1 20
2 19
1 20
2 19
1 20
2 19
1 20
2 19
1 20
2 19
1 20
2 19
1 20
2 19
1 20
2 19
1 20
2 19
1 20
2 19
1 20
2 19
1 20
2 19
1 20
2 19
1 20
2 19
1 20
2 19
1 20
2 19
1 20
2 19
1 20
2 19
1 20
2 19
1 20
2 19
1 20
2 19
1 20
2 19
1 20
2 19
1 20
2 19
1 20
2 19
1 20
2 19
1 20
2 19
1 20
2 19
1 20
2 19
1 20
2 19
1 20
2 19
1 20
2 19
1 20
2 19
1 20
2 19
1 20
2 19
1 20
2 19
1 20
2 19
1 20
2 19
1 20
2 19
1 20
2 19
1 20
2 19
1 20
2 19
1 20
2 19
1 20
2 19
1 20
2 19
1 20
2 19
1 20
2 19
1 20
2 19
1 20
2 19
1 20
2 19
1 20
2 19
1 20
2 19
1 20
2 19
1 20
2 19
1 20
2 19
1 20
2 19
1 20
2 19
1 20
2 19
1 20
2 19
1 20
2 19
1 20
2 19
1 20
2 19
1 20
2 19
1 20
2 19
1 20
2 19
1 20
2 19
1 20
2 19
1 20
2 19
1 20
2 19
1 20
2 19
1 20
2 19
1 20
2 19
1 20
2 19
1 20
2 19
1 20
2 19
1 20
2 19
1 20
2 19
1 20
2 19
1 20
2 19
1 20
2 19
1 20
2 19
1 20
2 19
1 20
2 19
1 20
2 19
1 20
2 19
1 20
2 19
1 20
2 19
1 20
2 19
1 20
2 19
1 20
2 19
1 20
2 19
1 20
2 19
1 20
2 19
1 20
2 19
1 20
2 19
1 20
2 19
1 20
2 19
1 20
2 19
1 20
2 19
1 20
2 19
1 20
2 19
1 20
2 19
1 20
2 19
1 20
2 19
1 20
2 19
1 20
2 19
1 20
2 19
1 20
2 19
1 20
2 19
1 20
2 19
1 20
2 19
1 20
2 19
1 20
2 19
1 20
2 19
1 20
2 19
1 20
2 19
1 20
2 19
1 20
2 19
1 20
2 19
1 20
2 19
1 20
2 19
1 20
2 19
1 20
2 19
1 20
2 19
1 20
2 19
1 20
2 19
1 20
2 19
1 20
2 19
1 20
2 19
1 20
2 19
1 20
2 19
1 20
2 19
1 20
2 19
1 20
2 19
1 20
2 19
1 20
2 19
1 20
2 19
1 20
2 19
1 20
2 19
1 20
2 19
1 20
2 19
1 20
2 19
1 20
2 19
1 20
2 19
1 20
2 19
1 20
2 19
1 20
2 19
1 20
2 19
1 20
2 19
1 20
2 19
1 20
2 19
1 20
4 17
3 18
4 17
3 18
4 17
3 18
4 17
3 18
4 17
3 18
4 17
3 18
4 17
3 18
4 17
3 18
7 16
5 16
7 16
5 16
7 16
5 16
7 16
5 16
9 16
7 16
9 16
7 16
10 17
10 17
10 17
10 17
10 17
10 17
10 17
10 17
11 16
10 17
11 16
10 17
11 16
10 17
11 16
10 17
11 16
10 17
11 16
10 17
3 17
3 17
3 17
3 17
3 17
3 17
3 17
3 17
3 17
3 17
3 17
3 17
3 17
3 17
3 17
3 17
5 15
5 15
5 15
5 15
7 15
7 15
7 15
7 15
7 15
7 15
10 16
9 15
10 16
9 15
10 16
10 16
10 16
10 16
10 16
10 16
10 16
10 16
10 16
10 16
10 16
10 16
10 16
10 16
11 15
10 16
11 15
10 16
11 15
10 16
11 15
10 16
11 15
10 16
11 15
10 16
3 16
2 17
3 16
2 17
3 16
2 17
3 16
2 17
3 16
2 17
3 16
2 17
3 16
2 17
3 16
2 17
3 16
2 17
3 16
2 17
3 16
2 17
3 16
2 17
3 16
2 17
3 16
2 17
3 16
2 17
3 16
2 17
5 14
4 15
5 14
4 15
5 14
4 15
5 14
4 15
7 14
7 14
7 14
7 14
7 14
7 14
9 14
9 14
11 14
11 14
11 14
11 14
11 14
11 14
2 16
1 17
2 16
1 17
2 16
1 17
2 16
1 17
2 16
1 17
2 16
1 17
2 16
1 17
2 16
1 17
2 16
1 17
2 16
1 17
2 16
1 17
2 16
1 17
2 16
1 17
2 16
1 17
2 16
1 17
2 16
1 17
2 16
2 16
2 16
2 16
2 16
2 16
2 16
2 16
2 16
2 16
2 16
2 16
2 16
2 16
2 16
2 16
4 14
4 14
4 14
4 14
6 14
4 14
6 14
4 14
6 14
4 14
6 14
4 14
8 14
6 14
8 14
6 14
8 14
6 14
8 14
6 14
8 14
6 14
8 14
6 14
10 14
8 14
10 14
8 14
11 13
10 14
11 13
10 14
11 13
10 14
11 13
10 14
11 13
10 14
11 13
10 14
1 18
1 18
1 18
1 18
1 18
1 18
1 18
1 18
1 18
1 18
1 18
1 18
1 18
1 18
1 18
1 18
4 13
3 14
4 13
3 14
4 13
3 14
4 13
3 14
4 13
3 14
4 13
3 14
4 13
3 14
4 13
3 14
6 13
6 13
6 13
6 13
6 13
6 13
6 13
6 13
6 13
6 13
8 13
8 13
8 13
8 13
8 13
8 13
8 13
8 13
10 13
10 13
10 13
10 13
10 13
10 13
10 13
10 13
11 12
10 13
11 12
10 13
11 12
10 13
11 12
10 13
11 12
10 13
11 12
10 13
3 13
2 14
3 13
2 14
3 13
2 14
3 13
2 14
3 13
2 14
3 13
2 14
3 13
2 14
3 13
2 14
4 12
3 13
4 12
3 13
4 12
3 13
4 12
3 13
4 12
3 13
4 12
3 13
4 12
3 13
4 12
3 13
6 12
6 12
6 12
6 12
6 12
6 12
6 12
6 12
6 12
6 12
8 12
8 12
8 12
8 12
8 12
8 12
8 12
8 12
10 12
10 12
10 12
10 12
10 12
10 12
10 12
10 12
10 12
10 12
10 12
10 12
10 12
10 12
11 11
10 12
11 11
10 12
11 11
10 12
11 11
10 12
11 11
10 12
11 11
10 12
2 13
1 14
2 13
1 14
2 13
1 14
2 13
1 14
2 13
1 14
2 13
1 14
2 13
1 14
2 13
1 14
2 13
2 13
2 13
2 13
2 13
2 13
2 13
2 13
2 13
2 13
2 13
2 13
2 13
2 13
2 13
2 13
5 12
5 12
5 12
5 12
5 12
5 12
5 12
5 12
7 12
5 12
7 12
5 12
7 12
5 12
7 12
5 12
7 12
5 12
7 12
5 12
7 12
5 12
7 12
5 12
7 12
5 12
7 12
5 12
9 12
7 12
9 12
7 12
9 12
7 12
9 12
7 12
9 12
7 12
9 12
7 12
9 12
7 12
9 12
7 12
9 12
9 12
9 12
9 12
9 12
9 12
9 12
9 12
9 12
9 12
9 12
9 12
9 12
9 12
9 12
9 12
9 12
9 12
9 12
9 12
11 10
11 10
11 10
11 10
11 10
11 10
1 15
1 13
1 15
1 13
1 15
1 13
1 15
1 13
1 15
1 13
1 15
1 13
1 15
1 13
1 15
1 13
1 13
1 13
1 13
1 13
1 13
1 13
1 13
1 13
1 13
1 13
1 13
1 13
1 13
1 13
1 13
1 13
1 13
1 13
1 13
1 13
1 13
1 13
1 13
1 13
5 11
5 11
5 11
5 11
5 11
5 11
5 11
5 11
5 11
5 11
5 11
5 11
5 11
5 11
5 11
5 11
5 11
5 11
7 11
7 11
7 11
7 11
7 11
7 11
7 11
7 11
7 11
7 11
7 11
7 11
7 11
7 11
7 11
7 11
7 11
7 11
9 11
9 11
9 11
9 11
9 11
9 11
9 11
9 11
9 11
9 11
9 11
9 11
9 11
9 11
9 11
9 11
9 11
9 11
9 11
9 11
9 11
9 11
9 11
9 11
9 11
9 11
9 11
9 11
11 9
10 10
11 9
10 10
11 9
10 10
11 9
10 10
11 9
10 10
11 9
10 10
5 10
5 10
5 10
5 10
5 10
5 10
5 10
5 10
5 10
5 10
5 10
5 10
5 10
5 10
5 10
5 10
5 10
5 10
7 10
7 10
7 10
7 10
7 10
7 10
7 10
7 10
7 10
7 10
7 10
7 10
7 10
7 10
7 10
7 10
7 10
7 10
9 10
9 10
9 10
9 10
9 10
9 10
9 10
9 10
9 10
9 10
9 10
9 10
9 10
9 10
9 10
9 10
9 10
9 10
9 10
9 10
9 10
9 10
9 10
9 10
9 10
9 10
9 10
9 10
10 9
9 10
10 9
9 10
10 9
9 10
10 9
9 10
10 9
9 10
10 9
9 10
11 8
10 9
11 8
10 9
11 8
10 9
11 8
10 9
11 8
10 9
11 8
10 9
6 10
4 10
6 10
4 10
6 10
4 10
6 10
4 10
6 10
4 10
6 10
4 10
6 10
4 10
6 10
4 10
6 10
4 10
6 10
4 10
6 10
4 10
6 10
4 10
6 10
4 10
6 10
4 10
6 10
4 10
6 10
4 10
6 10
4 10
6 10
4 10
8 10
6 10
8 10
6 10
8 10
6 10
8 10
6 10
8 10
6 10
8 10
6 10
8 10
6 10
8 10
6 10
8 10
6 10
8 10
6 10
8 10
6 10
8 10
6 10
8 10
6 10
8 10
6 10
8 10
6 10
8 10
6 10
8 10
6 10
8 10
6 10
8 10
8 10
8 10
8 10
8 10
8 10
8 10
8 10
8 10
8 10
8 10
8 10
8 10
8 10
8 10
8 10
8 10
8 10
8 10
8 10
8 10
8 10
8 10
8 10
8 10
8 10
8 10
8 10
8 10
8 10
8 10
8 10
8 10
8 10
10 8
10 8
10 8
10 8
10 8
10 8
10 8
10 8
10 8
10 8
10 8
10 8
11 7
10 8
11 7
10 8
11 7
10 8
11 7
10 8
11 7
10 8
11 7
10 8
4 9
3 10
4 9
3 10
4 9
3 10
4 9
3 10
4 9
3 10
4 9
3 10
4 9
3 10
4 9
3 10
4 9
3 10
4 9
3 10
4 9
3 10
4 9
3 10
4 9
3 10
4 9
3 10
4 9
3 10
4 9
3 10
4 9
3 10
4 9
3 10
6 9
6 9
6 9
6 9
6 9
6 9
6 9
6 9
6 9
6 9
6 9
6 9
6 9
6 9
6 9
6 9
6 9
6 9
6 9
6 9
6 9
6 9
6 9
6 9
6 9
6 9
6 9
6 9
6 9
6 9
6 9
6 9
6 9
6 9
6 9
6 9
8 9
8 9
8 9
8 9
8 9
8 9
8 9
8 9
8 9
8 9
8 9
8 9
8 9
8 9
8 9
8 9
8 9
8 9
8 9
8 9
8 9
8 9
8 9
8 9
8 9
8 9
8 9
8 9
8 9
8 9
8 9
8 9
8 9
8 9
8 9
8 9
8 9
8 9
8 9
8 9
8 9
8 9
8 9
8 9
8 9
8 9
8 9
8 9
8 9
8 9
8 9
8 9
10 7
9 8
10 7
9 8
10 7
9 8
10 7
9 8
10 7
9 8
10 7
9 8
10 7
9 8
10 7
9 8
10 7
9 8
10 7
9 8
10 7
9 8
10 7
9 8
10 7
9 8
10 7
9 8
10 7
9 8
10 7
9 8
10 7
9 8
10 7
9 8
11 6
10 7
11 6
10 7
11 6
10 7
11 6
10 7
11 6
10 7
11 6
10 7
3 11
2 10
3 11
2 10
3 11
2 10
3 11
2 10
3 11
2 10
3 11
2 10
3 11
2 10
3 11
2 10
3 11
2 10
3 11
2 10
3 11
2 10
3 11
2 10
3 11
2 10
3 11
2 10
3 11
2 10
3 11
2 10
3 11
2 10
3 11
2 10
4 8
4 8
4 8
4 8
4 8
4 8
4 8
4 8
4 8
4 8
4 8
4 8
4 8
4 8
4 8
4 8
4 8
4 8
6 8
6 8
6 8
6 8
6 8
6 8
6 8
6 8
6 8
6 8
6 8
6 8
6 8
6 8
6 8
6 8
6 8
6 8
6 8
6 8
6 8
6 8
6 8
6 8
6 8
6 8
6 8
6 8
6 8
6 8
6 8
6 8
6 8
6 8
6 8
6 8
8 8
8 8
8 8
8 8
8 8
8 8
8 8
8 8
8 8
8 8
8 8
8 8
8 8
8 8
8 8
8 8
8 8
8 8
8 8
8 8
8 8
8 8
8 8
8 8
8 8
8 8
8 8
8 8
8 8
8 8
8 8
8 8
8 8
8 8
8 8
8 8
8 8
8 8
8 8
8 8
8 8
8 8
8 8
8 8
8 8
8 8
8 8
8 8
8 8
8 8
8 8
8 8
9 7
8 8
9 7
8 8
9 7
8 8
9 7
8 8
9 7
8 8
9 7
8 8
9 7
8 8
9 7
8 8
9 7
8 8
9 7
8 8
9 7
8 8
9 7
8 8
9 7
8 8
9 7
8 8
9 7
8 8
9 7
8 8
9 7
8 8
9 7
8 8
10 6
9 7
10 6
9 7
10 6
9 7
10 6
9 7
10 6
9 7
10 6
9 7
10 6
9 7
10 6
9 7
10 6
9 7
10 6
9 7
10 6
9 7
10 6
9 7
10 6
9 7
10 6
9 7
10 6
9 7
10 6
9 7
10 6
9 7
10 6
9 7
10 6
9 7
10 6
9 7
10 6
9 7
10 6
9 7
10 6
9 7
10 6
9 7
11 5
10 6
11 5
10 6
11 5
10 6
11 5
10 6
11 5
10 6
11 5
10 6
2 11
1 10
2 11
1 10
2 11
1 10
2 11
1 10
2 11
1 10
2 11
1 10
2 11
1 10
2 11
1 10
2 11
1 10
2 11
1 10
2 11
1 10
2 11
1 10
2 11
1 10
2 11
1 10
2 11
1 10
2 11
1 10
2 11
1 10
2 11
1 10
2 11
2 11
2 11
2 11
2 11
2 11
2 11
2 11
2 11
2 11
2 11
2 11
2 11
2 11
2 11
2 11
2 11
2 11
5 8
3 8
5 8
3 8
5 8
3 8
5 8
3 8
5 8
3 8
5 8
3 8
5 8
3 8
5 8
3 8
5 8
3 8
5 8
3 8
5 8
3 8
5 8
3 8
5 8
3 8
5 8
3 8
5 8
3 8
5 8
3 8
5 8
3 8
5 8
3 8
7 8
5 8
7 8
5 8
7 8
5 8
7 8
5 8
7 8
5 8
7 8
5 8
7 8
5 8
7 8
5 8
7 8
5 8
7 8
5 8
7 8
5 8
7 8
5 8
7 8
5 8
7 8
5 8
7 8
5 8
7 8
5 8
7 8
5 8
7 8
5 8
7 8
5 8
7 8
5 8
7 8
5 8
7 8
5 8
7 8
5 8
7 8
5 8
7 8
5 8
7 8
5 8
7 8
5 8
7 8
5 8
7 8
5 8
7 8
5 8
7 8
5 8
7 8
5 8
7 8
5 8
7 8
5 8
7 8
5 8
7 8
5 8
7 8
7 8
7 8
7 8
7 8
7 8
7 8
7 8
7 8
7 8
7 8
7 8
7 8
7 8
7 8
7 8
7 8
7 8
7 8
7 8
7 8
7 8
7 8
7 8
7 8
7 8
7 8
7 8
7 8
7 8
7 8
7 8
7 8
7 8
7 8
7 8
7 8
7 8
7 8
7 8
7 8
7 8
7 8
7 8
7 8
7 8
7 8
7 8
7 8
7 8
7 8
7 8
7 8
7 8
7 8
7 8
7 8
7 8
7 8
7 8
7 8
7 8
7 8
7 8
7 8
7 8
7 8
7 8
7 8
7 8
9 6
9 6
9 6
9 6
9 6
9 6
9 6
9 6
9 6
9 6
9 6
9 6
9 6
9 6
9 6
9 6
9 6
9 6
9 6
9 6
9 6
9 6
9 6
9 6
9 6
9 6
9 6
9 6
9 6
9 6
9 6
9 6
9 6
9 6
9 6
9 6
9 6
9 6
9 6
9 6
9 6
9 6
10 5
9 6
10 5
9 6
10 5
9 6
10 5
9 6
10 5
9 6
10 5
9 6
10 5
9 6
10 5
9 6
10 5
9 6
10 5
9 6
10 5
9 6
10 5
9 6
10 5
9 6
10 5
9 6
10 5
9 6
10 5
9 6
10 5
9 6
10 5
9 6
10 5
9 6
10 5
9 6
10 5
9 6
10 5
9 6
10 5
9 6
10 5
9 6
10 5
9 6
10 5
9 6
10 5
9 6
10 5
9 6
10 5
9 6
10 5
9 6
11 4
10 5
11 4
10 5
11 4
10 5
11 4
10 5
11 4
10 5
11 4
10 5
1 11
1 11
1 11
1 11
1 11
1 11
1 11
1 11
1 11
1 11
1 11
1 11
1 11
1 11
1 11
1 11
1 11
1 11
1 11
1 11
1 11
1 11
1 11
1 11
1 11
1 11
1 11
1 11
1 11
1 11
1 11
1 11
1 11
1 11
1 11
1 11
1 11
1 11
1 11
1 11
1 11
1 11
1 11
1 11
1 11
1 11
1 11
1 11
1 11
1 11
1 11
1 11
1 11
1 11
3 7
2 8
3 7
2 8
3 7
2 8
3 7
2 8
3 7
2 8
3 7
2 8
3 7
2 8
3 7
2 8
3 7
2 8
3 7
2 8
3 7
2 8
3 7
2 8
3 7
2 8
3 7
2 8
3 7
2 8
3 7
2 8
3 7
2 8
3 7
2 8
5 7
5 7
5 7
5 7
5 7
5 7
5 7
5 7
5 7
5 7
5 7
5 7
5 7
5 7
5 7
5 7
5 7
5 7
5 7
5 7
5 7
5 7
5 7
5 7
5 7
5 7
5 7
5 7
5 7
5 7
5 7
5 7
5 7
5 7
5 7
5 7
5 7
5 7
5 7
5 7
5 7
5 7
5 7
5 7
5 7
5 7
5 7
5 7
5 7
5 7
5 7
5 7
5 7
5 7
7 7
7 7
7 7
7 7
7 7
7 7
7 7
7 7
7 7
7 7
7 7
7 7
7 7
7 7
7 7
7 7
7 7
7 7
7 7
7 7
7 7
7 7
7 7
7 7
7 7
7 7
7 7
7 7
7 7
7 7
7 7
7 7
7 7
7 7
7 7
7 7
7 7
7 7
7 7
7 7
7 7
7 7
7 7
7 7
7 7
7 7
7 7
7 7
7 7
7 7
7 7
7 7
7 7
7 7
7 7
7 7
7 7
7 7
7 7
7 7
7 7
7 7
7 7
7 7
7 7
7 7
7 7
7 7
7 7
7 7
7 7
7 7
7 7
7 7
7 7
7 7
7 7
7 7
7 7
7 7
7 7
7 7
7 7
7 7
7 7
7 7
7 7
7 7
7 7
7 7
7 7
7 7
7 7
7 7
7 7
7 7
7 7
7 7
7 7
7 7
7 7
7 7
7 7
7 7
7 7
7 7
9 5
8 6
9 5
8 6
9 5
8 6
9 5
8 6
9 5
8 6
9 5
8 6
9 5
8 6
9 5
8 6
9 5
8 6
9 5
8 6
9 5
8 6
9 5
8 6
9 5
8 6
9 5
8 6
9 5
8 6
9 5
8 6
9 5
8 6
9 5
8 6
9 5
8 6
9 5
8 6
9 5
8 6
9 5
8 6
9 5
8 6
9 5
8 6
9 5
8 6
9 5
8 6
9 5
8 6
9 5
8 6
9 5
8 6
9 5
8 6
9 5
8 6
9 5
8 6
9 5
8 6
9 5
8 6
9 5
8 6
9 5
8 6
9 5
8 6
9 5
8 6
9 5
8 6
9 5
8 6
9 5
8 6
9 5
8 6
9 5
8 6
9 5
8 6
9 5
8 6
9 5
8 6
9 5
8 6
9 5
8 6
9 5
8 6
9 5
8 6
9 5
8 6
9 5
8 6
9 5
8 6
9 5
8 6
9 5
8 6
9 5
8 6
9 5
8 6
9 5
8 6
9 5
8 6
9 5
8 6
9 5
8 6
9 5
8 6
9 5
8 6
9 5
8 6
9 5
8 6
9 5
8 6
9 5
8 6
9 5
8 6
9 5
8 6
9 5
8 6
9 5
8 6
9 5
8 6
10 4
9 5
10 4
9 5
10 4
9 5
10 4
9 5
10 4
9 5
10 4
9 5
10 4
9 5
10 4
9 5
10 4
9 5
10 4
9 5
10 4
9 5
10 4
9 5
10 4
9 5
10 4
9 5
10 4
9 5
10 4
9 5
10 4
9 5
10 4
9 5
10 4
9 5
10 4
9 5
10 4
9 5
10 4
9 5
10 4
9 5
10 4
9 5
10 4
9 5
10 4
9 5
10 4
9 5
10 4
9 5
10 4
9 5
10 4
9 5
10 4
9 5
10 4
9 5
10 4
9 5
10 4
9 5
10 4
9 5
10 4
9 5
11 3
10 4
11 3
10 4
11 3
10 4
11 3
10 4
11 3
10 4
11 3
10 4
2 7
1 8
2 7
1 8
2 7
1 8
2 7
1 8
2 7
1 8
2 7
1 8
2 7
1 8
2 7
1 8
2 7
1 8
2 7
1 8
2 7
1 8
2 7
1 8
2 7
1 8
2 7
1 8
2 7
1 8
2 7
1 8
2 7
1 8
2 7
1 8
3 6
2 7
3 6
2 7
3 6
2 7
3 6
2 7
3 6
2 7
3 6
2 7
3 6
2 7
3 6
2 7
3 6
2 7
3 6
2 7
3 6
2 7
3 6
2 7
3 6
2 7
3 6
2 7
3 6
2 7
3 6
2 7
3 6
2 7
3 6
2 7
5 6
5 6
5 6
5 6
5 6
5 6
5 6
5 6
5 6
5 6
5 6
5 6
5 6
5 6
5 6
5 6
5 6
5 6
5 6
5 6
5 6
5 6
5 6
5 6
5 6
5 6
5 6
5 6
5 6
5 6
5 6
5 6
5 6
5 6
5 6
5 6
5 6
5 6
5 6
5 6
5 6
5 6
5 6
5 6
5 6
5 6
5 6
5 6
5 6
5 6
5 6
5 6
5 6
5 6
7 6
7 6
7 6
7 6
7 6
7 6
7 6
7 6
7 6
7 6
7 6
7 6
7 6
7 6
7 6
7 6
7 6
7 6
7 6
7 6
7 6
7 6
7 6
7 6
7 6
7 6
7 6
7 6
7 6
7 6
7 6
7 6
7 6
7 6
7 6
7 6
7 6
7 6
7 6
7 6
7 6
7 6
7 6
7 6
7 6
7 6
7 6
7 6
7 6
7 6
7 6
7 6
7 6
7 6
7 6
7 6
7 6
7 6
7 6
7 6
7 6
7 6
7 6
7 6
7 6
7 6
7 6
7 6
7 6
7 6
7 6
7 6
7 6
7 6
7 6
7 6
7 6
7 6
7 6
7 6
7 6
7 6
7 6
7 6
7 6
7 6
7 6
7 6
7 6
7 6
7 6
7 6
7 6
7 6
7 6
7 6
7 6
7 6
7 6
7 6
7 6
7 6
7 6
7 6
7 6
7 6
8 5
7 6
8 5
7 6
8 5
7 6
8 5
7 6
8 5
7 6
8 5
7 6
8 5
7 6
8 5
7 6
8 5
7 6
8 5
7 6
8 5
7 6
8 5
7 6
8 5
7 6
8 5
7 6
8 5
7 6
8 5
7 6
8 5
7 6
8 5
7 6
8 5
7 6
8 5
7 6
8 5
7 6
8 5
7 6
8 5
7 6
8 5
7 6
8 5
7 6
8 5
7 6
8 5
7 6
8 5
7 6
8 5
7 6
8 5
7 6
8 5
7 6
8 5
7 6
8 5
7 6
8 5
7 6
8 5
7 6
8 5
7 6
8 5
7 6
8 5
7 6
8 5
7 6
8 5
7 6
8 5
7 6
8 5
7 6
8 5
7 6
8 5
7 6
8 5
7 6
8 5
7 6
8 5
7 6
8 5
7 6
8 5
7 6
8 5
7 6
8 5
7 6
8 5
7 6
8 5
7 6
8 5
7 6
8 5
7 6
8 5
7 6
8 5
7 6
8 5
7 6
8 5
7 6
8 5
7 6
8 5
7 6
8 5
7 6
8 5
7 6
8 5
7 6
8 5
7 6
8 5
7 6
8 5
7 6
8 5
7 6
8 5
7 6
8 5
7 6
8 5
7 6
8 5
7 6
9 4
8 5
9 4
8 5
9 4
8 5
9 4
8 5
9 4
8 5
9 4
8 5
9 4
8 5
9 4
8 5
9 4
8 5
9 4
8 5
9 4
8 5
9 4
8 5
9 4
8 5
9 4
8 5
9 4
8 5
9 4
8 5
9 4
8 5
9 4
8 5
9 4
8 5
9 4
8 5
9 4
8 5
9 4
8 5
9 4
8 5
9 4
8 5
9 4
8 5
9 4
8 5
9 4
8 5
9 4
8 5
9 4
8 5
9 4
8 5
9 4
8 5
9 4
8 5
9 4
8 5
9 4
8 5
9 4
8 5
9 4
8 5
9 4
8 5
9 4
8 5
9 4
8 5
9 4
8 5
9 4
8 5
9 4
8 5
9 4
8 5
9 4
8 5
9 4
8 5
9 4
8 5
9 4
8 5
9 4
8 5
9 4
8 5
9 4
8 5
9 4
8 5
9 4
8 5
9 4
8 5
9 4
8 5
9 4
8 5
9 4
8 5
9 4
8 5
9 4
8 5
9 4
8 5
9 4
8 5
9 4
8 5
9 4
8 5
9 4
8 5
9 4
8 5
9 4
8 5
9 4
8 5
9 4
8 5
9 4
8 5
9 4
8 5
9 4
8 5
9 4
8 5
9 4
8 5
9 4
8 5
9 4
8 5
9 4
8 5
9 4
8 5
9 4
8 5
9 4
8 5
9 4
8 5
9 4
8 5
9 4
8 5
9 4
8 5
9 4
8 5
9 4
8 5
9 4
8 5
9 4
8 5
9 4
8 5
9 4
8 5
9 4
8 5
9 4
8 5
9 4
8 5
9 4
8 5
9 4
8 5
9 4
8 5
9 4
8 5
9 4
8 5
9 4
8 5
9 4
8 5
9 4
8 5
9 4
8 5
9 4
8 5
9 4
8 5
9 4
8 5
9 4
8 5
9 4
8 5
9 4
8 5
9 4
8 5
9 4
8 5
9 4
9 4
9 4
9 4
9 4
9 4
9 4
9 4
9 4
9 4
9 4
9 4
9 4
9 4
9 4
9 4
9 4
9 4
9 4
9 4
9 4
9 4
9 4
9 4
9 4
9 4
9 4
9 4
9 4
9 4
9 4
9 4
9 4
9 4
9 4
9 4
9 4
9 4
9 4
9 4
9 4
9 4
11 2
11 2
11 2
11 2
11 2
11 2
1 7
1 7
1 7
1 7
1 7
1 7
1 7
1 7
1 7
1 7
1 7
1 7
1 7
1 7
1 7
1 7
1 7
1 7
2 6
1 7
2 6
1 7
2 6
1 7
2 6
1 7
2 6
1 7
2 6
1 7
2 6
1 7
2 6
1 7
2 6
1 7
2 6
1 7
2 6
1 7
2 6
1 7
2 6
1 7
2 6
1 7
2 6
1 7
2 6
1 7
2 6
1 7
2 6
1 7
2 6
1 7
2 6
1 7
2 6
1 7
2 6
1 7
2 6
1 7
2 6
1 7
2 6
1 7
2 6
1 7
2 6
1 7
2 6
1 7
2 6
1 7
2 6
1 7
2 6
1 7
2 6
1 7
2 6
1 7
2 6
1 7
2 6
1 7
2 6
1 7
4 6
2 6
4 6
2 6
4 6
2 6
4 6
2 6
4 6
2 6
4 6
2 6
4 6
2 6
4 6
2 6
4 6
2 6
4 6
2 6
4 6
2 6
4 6
2 6
4 6
2 6
4 6
2 6
4 6
2 6
4 6
2 6
4 6
2 6
4 6
2 6
6 6
4 6
6 6
4 6
6 6
4 6
6 6
4 6
6 6
4 6
6 6
4 6
6 6
4 6
6 6
4 6
6 6
4 6
6 6
4 6
6 6
4 6
6 6
4 6
6 6
4 6
6 6
4 6
6 6
4 6
6 6
4 6
6 6
4 6
6 6
4 6
6 6
4 6
6 6
4 6
6 6
4 6
6 6
4 6
6 6
4 6
6 6
4 6
6 6
4 6
6 6
4 6
6 6
4 6
6 6
4 6
6 6
4 6
6 6
4 6
6 6
4 6
6 6
4 6
6 6
4 6
6 6
4 6
6 6
4 6
6 6
4 6
6 6
4 6
6 6
4 6
6 6
4 6
6 6
4 6
6 6
4 6
6 6
4 6
6 6
4 6
6 6
4 6
6 6
4 6
6 6
4 6
6 6
4 6
6 6
4 6
6 6
4 6
6 6
4 6
6 6
4 6
6 6
4 6
6 6
4 6
6 6
4 6
6 6
6 6
6 6
6 6
6 6
6 6
6 6
6 6
6 6
6 6
6 6
6 6
6 6
6 6
6 6
6 6
6 6
6 6
6 6
6 6
6 6
6 6
6 6
6 6
6 6
6 6
6 6
6 6
6 6
6 6
6 6
6 6
6 6
6 6
6 6
6 6
6 6
6 6
6 6
6 6
6 6
6 6
6 6
6 6
6 6
6 6
6 6
6 6
6 6
6 6
6 6
6 6
6 6
6 6
6 6
6 6
6 6
6 6
6 6
6 6
6 6
6 6
6 6
6 6
6 6
6 6
6 6
6 6
6 6
6 6
6 6
6 6
6 6
6 6
6 6
6 6
6 6
6 6
6 6
6 6
6 6
6 6
6 6
6 6
6 6
6 6
6 6
6 6
6 6
6 6
6 6
6 6
6 6
6 6
6 6
6 6
6 6
6 6
6 6
6 6
6 6
6 6
6 6
6 6
6 6
6 6
6 6
6 6
6 6
6 6
6 6
6 6
6 6
6 6
6 6
6 6
6 6
6 6
6 6
6 6
6 6
6 6
6 6
6 6
6 6
6 6
6 6
6 6
6 6
6 6
6 6
6 6
6 6
6 6
6 6
6 6
6 6
6 6
6 6
6 6
6 6
6 6
6 6
6 6
6 6
6 6
6 6
6 6
6 6
6 6
6 6
6 6
6 6
6 6
6 6
6 6
6 6
6 6
6 6
6 6
6 6
6 6
6 6
6 6
6 6
6 6
6 6
6 6
6 6
6 6
6 6
6 6
6 6
6 6
6 6
6 6
6 6
6 6
8 4
8 4
8 4
8 4
8 4
8 4
8 4
8 4
8 4
8 4
8 4
8 4
8 4
8 4
8 4
8 4
8 4
8 4
8 4
8 4
8 4
8 4
8 4
8 4
8 4
8 4
8 4
8 4
8 4
8 4
8 4
8 4
8 4
8 4
8 4
8 4
8 4
8 4
8 4
8 4
8 4
8 4
8 4
8 4
8 4
8 4
8 4
8 4
8 4
8 4
8 4
8 4
8 4
8 4
8 4
8 4
8 4
8 4
8 4
8 4
8 4
8 4
8 4
8 4
8 4
8 4
8 4
8 4
8 4
8 4
8 4
8 4
8 4
8 4
8 4
8 4
8 4
8 4
8 4
8 4
8 4
8 4
8 4
8 4
8 4
8 4
8 4
8 4
8 4
8 4
8 4
8 4
8 4
8 4
8 4
8 4
8 4
8 4
8 4
8 4
8 4
8 4
8 4
8 4
8 4
8 4
8 4
8 4
8 4
8 4
8 4
8 4
8 4
8 4
8 4
8 4
8 4
8 4
8 4
8 4
8 4
8 4
8 4
8 4
8 4
8 4
8 4
8 4
8 4
8 4
8 4
8 4
8 4
8 4
8 4
8 4
8 4
8 4
8 4
8 4
8 4
8 4
8 4
8 4
8 4
8 4
8 4
8 4
8 4
8 4
8 4
8 4
8 4
8 4
8 4
8 4
8 4
8 4
8 4
8 4
8 4
8 4
8 4
8 4
8 4
8 4
8 4
8 4
8 4
8 4
8 4
8 4
8 4
8 4
8 4
8 4
8 4
8 4
8 4
8 4
8 4
8 4
8 4
8 4
8 4
8 4
8 4
8 4
8 4
8 4
8 4
8 4
8 4
8 4
8 4
8 4
8 4
8 4
8 4
8 4
8 4
8 4
8 4
8 4
8 4
8 4
8 4
8 4
8 4
8 4
8 4
8 4
8 4
8 4
8 4
8 4
8 4
8 4
8 4
8 4
8 4
8 4
8 4
8 4
8 4
8 4
8 4
8 4
8 4
8 4
8 4
8 4
8 4
8 4
8 4
8 4
8 4
8 4
8 4
8 4
8 4
8 4
8 4
8 4
8 4
8 4
8 4
8 4
8 4
8 4
8 4
8 4
8 4
8 4
8 4
8 4
8 4
8 4
8 4
8 4
8 4
8 4
8 4
8 4
8 4
8 4
8 4
8 4
8 4
8 4
8 4
8 4
8 4
8 4
8 4
8 4
8 4
8 4
8 4
8 4
8 4
8 4
8 4
8 4
8 4
8 4
8 4
8 4
8 4
8 4
8 4
8 4
8 4
8 4
8 4
8 4
8 4
8 4
8 4
8 4
8 4
8 4
8 4
8 4
8 4
8 4
8 4
8 4
8 4
8 4
8 4
8 4
8 4
8 4
8 4
8 4
8 4
8 4
8 4
8 4
8 4
8 4
8 4
8 4
8 4
8 4
8 4
8 4
8 4
8 4
11 1
10 2
11 1
10 2
11 1
10 2
11 1
10 2
11 1
10 2
11 1
10 2
1 6
1 6
1 6
1 6
1 6
1 6
1 6
1 6
1 6
1 6
1 6
1 6
1 6
1 6
1 6
1 6
1 6
1 6
1 6
1 6
1 6
1 6
1 6
1 6
1 6
1 6
1 6
1 6
1 6
1 6
1 6
1 6
1 6
1 6
1 6
1 6
1 6
1 6
1 6
1 6
1 6
1 6
1 6
1 6
1 6
1 6
1 6
1 6
1 6
1 6
1 6
1 6
1 6
1 6
2 5
1 6
2 5
1 6
2 5
1 6
2 5
1 6
2 5
1 6
2 5
1 6
2 5
1 6
2 5
1 6
2 5
1 6
2 5
1 6
2 5
1 6
2 5
1 6
2 5
1 6
2 5
1 6
2 5
1 6
2 5
1 6
2 5
1 6
2 5
1 6
2 5
1 6
2 5
1 6
2 5
1 6
2 5
1 6
2 5
1 6
2 5
1 6
2 5
1 6
2 5
1 6
2 5
1 6
2 5
1 6
2 5
1 6
2 5
1 6
2 5
1 6
2 5
1 6
2 5
1 6
2 5
1 6
2 5
1 6
2 5
1 6
2 5
1 6
2 5
1 6
2 5
1 6
2 5
1 6
2 5
1 6
2 5
1 6
2 5
1 6
2 5
1 6
2 5
1 6
2 5
1 6
2 5
1 6
2 5
1 6
2 5
1 6
2 5
1 6
2 5
1 6
2 5
1 6
2 5
1 6
2 5
1 6
4 5
4 5
4 5
4 5
4 5
4 5
4 5
4 5
4 5
4 5
4 5
4 5
4 5
4 5
4 5
4 5
4 5
4 5
4 5
4 5
4 5
4 5
4 5
4 5
4 5
4 5
4 5
4 5
4 5
4 5
4 5
4 5
4 5
4 5
4 5
4 5
4 5
4 5
4 5
4 5
4 5
4 5
4 5
4 5
4 5
4 5
4 5
4 5
4 5
4 5
4 5
4 5
4 5
4 5
4 5
4 5
4 5
4 5
4 5
4 5
4 5
4 5
4 5
4 5
4 5
4 5
4 5
4 5
4 5
4 5
4 5
4 5
6 5
6 5
6 5
6 5
6 5
6 5
6 5
6 5
6 5
6 5
6 5
6 5
6 5
6 5
6 5
6 5
6 5
6 5
6 5
6 5
6 5
6 5
6 5
6 5
6 5
6 5
6 5
6 5
6 5
6 5
6 5
6 5
6 5
6 5
6 5
6 5
6 5
6 5
6 5
6 5
6 5
6 5
6 5
6 5
6 5
6 5
6 5
6 5
6 5
6 5
6 5
6 5
6 5
6 5
6 5
6 5
6 5
6 5
6 5
6 5
6 5
6 5
6 5
6 5
6 5
6 5
6 5
6 5
6 5
6 5
6 5
6 5
6 5
6 5
6 5
6 5
6 5
6 5
6 5
6 5
6 5
6 5
6 5
6 5
6 5
6 5
6 5
6 5
6 5
6 5
6 5
6 5
6 5
6 5
6 5
6 5
6 5
6 5
6 5
6 5
6 5
6 5
6 5
6 5
6 5
6 5
6 5
6 5
6 5
6 5
6 5
6 5
6 5
6 5
6 5
6 5
6 5
6 5
6 5
6 5
6 5
6 5
6 5
6 5
6 5
6 5
6 5
6 5
6 5
6 5
6 5
6 5
6 5
6 5
6 5
6 5
6 5
6 5
6 5
6 5
6 5
6 5
6 5
6 5
6 5
6 5
6 5
6 5
6 5
6 5
6 5
6 5
6 5
6 5
6 5
6 5
6 5
6 5
6 5
6 5
6 5
6 5
6 5
6 5
6 5
6 5
6 5
6 5
6 5
6 5
6 5
6 5
6 5
6 5
6 5
6 5
6 5
6 5
6 5
6 5
6 5
6 5
6 5
6 5
6 5
6 5
6 5
6 5
6 5
6 5
6 5
6 5
6 5
6 5
6 5
6 5
6 5
6 5
6 5
6 5
6 5
6 5
6 5
6 5
6 5
6 5
6 5
6 5
6 5
6 5
6 5
6 5
6 5
6 5
6 5
6 5
6 5
6 5
6 5
6 5
6 5
6 5
6 5
6 5
6 5
6 5
6 5
6 5
6 5
6 5
6 5
6 5
7 4
7 4
7 4
7 4
7 4
7 4
7 4
7 4
7 4
7 4
7 4
7 4
7 4
7 4
7 4
7 4
7 4
7 4
7 4
7 4
7 4
7 4
7 4
7 4
7 4
7 4
7 4
7 4
7 4
7 4
7 4
7 4
7 4
7 4
7 4
7 4
7 4
7 4
7 4
7 4
7 4
7 4
7 4
7 4
7 4
7 4
7 4
7 4
7 4
7 4
7 4
7 4
7 4
7 4
7 4
7 4
7 4
7 4
7 4
7 4
7 4
7 4
7 4
7 4
7 4
7 4
7 4
7 4
7 4
7 4
7 4
7 4
7 4
7 4
7 4
7 4
7 4
7 4
7 4
7 4
7 4
7 4
7 4
7 4
7 4
7 4
7 4
7 4
7 4
7 4
7 4
7 4
7 4
7 4
7 4
7 4
7 4
7 4
7 4
7 4
7 4
7 4
7 4
7 4
7 4
7 4
7 4
7 4
7 4
7 4
7 4
7 4
7 4
7 4
7 4
7 4
7 4
7 4
7 4
7 4
7 4
7 4
7 4
7 4
7 4
7 4
7 4
7 4
7 4
7 4
7 4
7 4
7 4
7 4
7 4
7 4
7 4
7 4
7 4
7 4
7 4
7 4
7 4
7 4
7 4
7 4
7 4
7 4
7 4
7 4
7 4
7 4
7 4
7 4
7 4
7 4
7 4
7 4
7 4
7 4
7 4
7 4
7 4
7 4
7 4
7 4
7 4
7 4
7 4
7 4
7 4
7 4
7 4
7 4
7 4
7 4
7 4
7 4
7 4
7 4
7 4
7 4
7 4
7 4
7 4
7 4
7 4
7 4
7 4
7 4
7 4
7 4
7 4
7 4
7 4
7 4
7 4
7 4
7 4
7 4
7 4
7 4
7 4
7 4
7 4
7 4
7 4
7 4
7 4
7 4
7 4
7 4
7 4
7 4
7 4
7 4
7 4
7 4
7 4
7 4
7 4
7 4
7 4
7 4
7 4
7 4
7 4
7 4
7 4
7 4
7 4
7 4
7 4
7 4
7 4
7 4
7 4
7 4
7 4
7 4
7 4
7 4
7 4
7 4
7 4
7 4
7 4
7 4
7 4
7 4
7 4
7 4
7 4
7 4
7 4
7 4
7 4
7 4
7 4
7 4
7 4
7 4
7 4
7 4
7 4
7 4
7 4
7 4
7 4
7 4
7 4
7 4
7 4
7 4
7 4
7 4
7 4
7 4
7 4
7 4
7 4
7 4
7 4
7 4
7 4
7 4
7 4
7 4
7 4
7 4
7 4
7 4
7 4
7 4
7 4
7 4
7 4
7 4
7 4
7 4
7 4
7 4
7 4
7 4
7 4
7 4
7 4
7 4
7 4
7 4
7 4
7 4
7 4
7 4
7 4
7 4
7 4
7 4
7 4
7 4
7 4
7 4
7 4
7 4
7 4
7 4
7 4
7 4
7 4
7 4
10 1
9 2
10 1
9 2
10 1
9 2
10 1
9 2
10 1
9 2
10 1
9 2
10 1
10 1
10 1
10 1
10 1
10 1
1 5
1 5
1 5
1 5
1 5
1 5
1 5
1 5
1 5
1 5
1 5
1 5
1 5
1 5
1 5
1 5
1 5
1 5
1 5
1 5
1 5
1 5
1 5
1 5
1 5
1 5
1 5
1 5
1 5
1 5
1 5
1 5
1 5
1 5
1 5
1 5
1 5
1 5
1 5
1 5
1 5
1 5
1 5
1 5
1 5
1 5
1 5
1 5
1 5
1 5
1 5
1 5
1 5
1 5
1 5
1 5
1 5
1 5
1 5
1 5
1 5
1 5
1 5
1 5
1 5
1 5
1 5
1 5
1 5
1 5
1 5
1 5
1 5
1 5
1 5
1 5
1 5
1 5
1 5
1 5
1 5
1 5
1 5
1 5
1 5
1 5
1 5
1 5
1 5
1 5
1 5
1 5
1 5
1 5
1 5
1 5
1 5
1 5
1 5
1 5
1 5
1 5
1 5
1 5
1 5
1 5
1 5
1 5
2 4
1 5
2 4
1 5
2 4
1 5
2 4
1 5
2 4
1 5
2 4
1 5
2 4
1 5
2 4
1 5
2 4
1 5
2 4
1 5
2 4
1 5
2 4
1 5
2 4
1 5
2 4
1 5
2 4
1 5
2 4
1 5
2 4
1 5
2 4
1 5
2 4
1 5
2 4
1 5
2 4
1 5
2 4
1 5
2 4
1 5
2 4
1 5
2 4
1 5
2 4
1 5
2 4
1 5
2 4
1 5
2 4
1 5
2 4
1 5
2 4
1 5
2 4
1 5
2 4
1 5
2 4
1 5
2 4
1 5
2 4
1 5
2 4
1 5
2 4
1 5
2 4
1 5
2 4
1 5
2 4
1 5
2 4
1 5
2 4
1 5
2 4
1 5
2 4
1 5
2 4
1 5
2 4
1 5
2 4
1 5
2 4
1 5
2 4
1 5
2 4
1 5
2 4
1 5
2 4
1 5
2 4
1 5
4 4
4 4
4 4
4 4
4 4
4 4
4 4
4 4
4 4
4 4
4 4
4 4
4 4
4 4
4 4
4 4
4 4
4 4
4 4
4 4
4 4
4 4
4 4
4 4
4 4
4 4
4 4
4 4
4 4
4 4
4 4
4 4
4 4
4 4
4 4
4 4
4 4
4 4
4 4
4 4
4 4
4 4
4 4
4 4
4 4
4 4
4 4
4 4
4 4
4 4
4 4
4 4
4 4
4 4
4 4
4 4
4 4
4 4
4 4
4 4
4 4
4 4
4 4
4 4
4 4
4 4
4 4
4 4
4 4
4 4
4 4
4 4
6 4
6 4
6 4
6 4
6 4
6 4
6 4
6 4
6 4
6 4
6 4
6 4
6 4
6 4
6 4
6 4
6 4
6 4
6 4
6 4
6 4
6 4
6 4
6 4
6 4
6 4
6 4
6 4
6 4
6 4
6 4
6 4
6 4
6 4
6 4
6 4
6 4
6 4
6 4
6 4
6 4
6 4
6 4
6 4
6 4
6 4
6 4
6 4
6 4
6 4
6 4
6 4
6 4
6 4
6 4
6 4
6 4
6 4
6 4
6 4
6 4
6 4
6 4
6 4
6 4
6 4
6 4
6 4
6 4
6 4
6 4
6 4
6 4
6 4
6 4
6 4
6 4
6 4
6 4
6 4
6 4
6 4
6 4
6 4
6 4
6 4
6 4
6 4
6 4
6 4
6 4
6 4
6 4
6 4
6 4
6 4
6 4
6 4
6 4
6 4
6 4
6 4
6 4
6 4
6 4
6 4
6 4
6 4
6 4
6 4
6 4
6 4
6 4
6 4
6 4
6 4
6 4
6 4
6 4
6 4
6 4
6 4
6 4
6 4
6 4
6 4
6 4
6 4
6 4
6 4
6 4
6 4
6 4
6 4
6 4
6 4
6 4
6 4
6 4
6 4
6 4
6 4
6 4
6 4
6 4
6 4
6 4
6 4
6 4
6 4
6 4
6 4
6 4
6 4
6 4
6 4
6 4
6 4
6 4
6 4
6 4
6 4
6 4
6 4
6 4
6 4
6 4
6 4
6 4
6 4
6 4
6 4
6 4
6 4
6 4
6 4
6 4
6 4
6 4
6 4
6 4
6 4
6 4
6 4
6 4
6 4
6 4
6 4
6 4
6 4
6 4
6 4
6 4
6 4
6 4
6 4
6 4
6 4
6 4
6 4
6 4
6 4
6 4
6 4
6 4
6 4
6 4
6 4
6 4
6 4
6 4
6 4
6 4
6 4
6 4
6 4
6 4
6 4
6 4
6 4
6 4
6 4
6 4
6 4
6 4
6 4
6 4
6 4
6 4
6 4
6 4
6 4
6 4
6 4
6 4
6 4
6 4
6 4
6 4
6 4
6 4
6 4
6 4
6 4
6 4
6 4
6 4
6 4
6 4
6 4
6 4
6 4
6 4
6 4
6 4
6 4
6 4
6 4
6 4
6 4
6 4
6 4
6 4
6 4
6 4
6 4
6 4
6 4
6 4
6 4
6 4
6 4
6 4
6 4
6 4
6 4
6 4
6 4
6 4
6 4
6 4
6 4
6 4
6 4
6 4
6 4
6 4
6 4
6 4
6 4
6 4
6 4
6 4
6 4
6 4
6 4
6 4
6 4
6 4
6 4
6 4
6 4
6 4
6 4
6 4
6 4
6 4
6 4
6 4
6 4
6 4
6 4
6 4
6 4
6 4
6 4
6 4
6 4
6 4
6 4
6 4
6 4
6 4
6 4
6 4
6 4
6 4
6 4
6 4
6 4
6 4
6 4
6 4
6 4
6 4
6 4
6 4
6 4
6 4
6 4
6 4
6 4
6 4
6 4
6 4
6 4
6 4
6 4
6 4
6 4
6 4
6 4
6 4
6 4
6 4
6 4
6 4
6 4
6 4
6 4
6 4
6 4
6 4
6 4
6 4
6 4
6 4
6 4
6 4
6 4
6 4
6 4
6 4
6 4
6 4
6 4
6 4
6 4
6 4
6 4
6 4
6 4
6 4
6 4
6 4
6 4
6 4
6 4
6 4
6 4
6 4
6 4
6 4
6 4
6 4
6 4
6 4
6 4
6 4
6 4
6 4
6 4
6 4
6 4
6 4
6 4
6 4
6 4
6 4
6 4
6 4
6 4
6 4
6 4
6 4
6 4
6 4
6 4
6 4
6 4
6 4
6 4
6 4
6 4
6 4
6 4
6 4
6 4
6 4
6 4
6 4
6 4
6 4
6 4
6 4
6 4
6 4
6 4
6 4
6 4
6 4
6 4
6 4
6 4
6 4
6 4
6 4
6 4
6 4
6 4
6 4
6 4
6 4
6 4
6 4
6 4
6 4
6 4
6 4
6 4
6 4
6 4
6 4
6 4
6 4
6 4
6 4
6 4
6 4
6 4
6 4
6 4
6 4
6 4
6 4
6 4
6 4
6 4
6 4
6 4
6 4
6 4
6 4
6 4
6 4
6 4
6 4
6 4
6 4
6 4
6 4
6 4
6 4
6 4
6 4
6 4
6 4
6 4
6 4
6 4
6 4
6 4
6 4
6 4
6 4
6 4
6 4
6 4
6 4
6 4
6 4
6 4
6 4
6 4
6 4
6 4
6 4
6 4
6 4
6 4
6 4
6 4
6 4
6 4
6 4
6 4
6 4
6 4
6 4
6 4
6 4
6 4
6 4
6 4
6 4
6 4
6 4
6 4
6 4
6 4
6 4
6 4
6 4
6 4
6 4
6 4
6 4
6 4
6 4
6 4
6 4
6 4
6 4
6 4
6 4
6 4
6 4
6 4
6 4
6 4
6 4
6 4
9 1
8 2
9 1
8 2
9 1
8 2
9 1
8 2
9 1
8 2
9 1
8 2
9 1
9 1
9 1
9 1
9 1
9 1
9 1
9 1
9 1
9 1
9 1
9 1
1 4
1 4
1 4
1 4
1 4
1 4
1 4
1 4
1 4
1 4
1 4
1 4
1 4
1 4
1 4
1 4
1 4
1 4
1 4
1 4
1 4
1 4
1 4
1 4
1 4
1 4
1 4
1 4
1 4
1 4
1 4
1 4
1 4
1 4
1 4
1 4
1 4
1 4
1 4
1 4
1 4
1 4
1 4
1 4
1 4
1 4
1 4
1 4
1 4
1 4
1 4
1 4
1 4
1 4
1 4
1 4
1 4
1 4
1 4
1 4
1 4
1 4
1 4
1 4
1 4
1 4
1 4
1 4
1 4
1 4
1 4
1 4
1 4
1 4
1 4
1 4
1 4
1 4
1 4
1 4
1 4
1 4
1 4
1 4
1 4
1 4
1 4
1 4
1 4
1 4
1 4
1 4
1 4
1 4
1 4
1 4
1 4
1 4
1 4
1 4
1 4
1 4
1 4
1 4
1 4
1 4
1 4
1 4
1 4
1 4
1 4
1 4
1 4
1 4
1 4
1 4
1 4
1 4
1 4
1 4
1 4
1 4
1 4
1 4
1 4
1 4
1 4
1 4
1 4
1 4
1 4
1 4
1 4
1 4
1 4
1 4
1 4
1 4
1 4
1 4
1 4
1 4
1 4
1 4
1 4
1 4
1 4
1 4
1 4
1 4
1 4
1 4
1 4
1 4
1 4
1 4
1 4
1 4
1 4
1 4
1 4
1 4
3 4
1 4
3 4
1 4
3 4
1 4
3 4
1 4
3 4
1 4
3 4
1 4
3 4
1 4
3 4
1 4
3 4
1 4
3 4
1 4
3 4
1 4
3 4
1 4
3 4
1 4
3 4
1 4
3 4
1 4
3 4
1 4
3 4
1 4
3 4
1 4
3 4
1 4
3 4
1 4
3 4
1 4
3 4
1 4
3 4
1 4
3 4
1 4
3 4
1 4
3 4
1 4
3 4
1 4
3 4
1 4
3 4
1 4
3 4
1 4
3 4
1 4
3 4
1 4
3 4
1 4
3 4
1 4
3 4
1 4
3 4
1 4
3 4
1 4
3 4
1 4
3 4
1 4
3 4
1 4
3 4
1 4
3 4
1 4
3 4
1 4
3 4
1 4
3 4
1 4
3 4
1 4
3 4
1 4
3 4
1 4
3 4
1 4
3 4
1 4
3 4
1 4
3 4
1 4
3 4
1 4
3 4
1 4
5 4
3 4
5 4
3 4
5 4
3 4
5 4
3 4
5 4
3 4
5 4
3 4
5 4
3 4
5 4
3 4
5 4
3 4
5 4
3 4
5 4
3 4
5 4
3 4
5 4
3 4
5 4
3 4
5 4
3 4
5 4
3 4
5 4
3 4
5 4
3 4
5 4
3 4
5 4
3 4
5 4
3 4
5 4
3 4
5 4
3 4
5 4
3 4
5 4
3 4
5 4
3 4
5 4
3 4
5 4
3 4
5 4
3 4
5 4
3 4
5 4
3 4
5 4
3 4
5 4
3 4
5 4
3 4
5 4
3 4
5 4
3 4
5 4
3 4
5 4
3 4
5 4
3 4
5 4
3 4
5 4
3 4
5 4
3 4
5 4
3 4
5 4
3 4
5 4
3 4
5 4
3 4
5 4
3 4
5 4
3 4
5 4
3 4
5 4
3 4
5 4
3 4
5 4
3 4
5 4
3 4
5 4
3 4
5 4
3 4
5 4
3 4
5 4
3 4
5 4
3 4
5 4
3 4
5 4
3 4
5 4
3 4
5 4
3 4
5 4
3 4
5 4
3 4
5 4
3 4
5 4
3 4
5 4
3 4
5 4
3 4
5 4
3 4
5 4
3 4
5 4
3 4
5 4
3 4
5 4
5 4
5 4
5 4
5 4
5 4
5 4
5 4
5 4
5 4
5 4
5 4
5 4
5 4
5 4
5 4
5 4
5 4
5 4
5 4
5 4
5 4
5 4
5 4
5 4
5 4
5 4
5 4
5 4
5 4
5 4
5 4
5 4
5 4
5 4
5 4
5 4
5 4
5 4
5 4
5 4
5 4
5 4
5 4
5 4
5 4
5 4
5 4
5 4
5 4
5 4
5 4
5 4
5 4
5 4
5 4
5 4
5 4
5 4
5 4
5 4
5 4
5 4
5 4
5 4
5 4
5 4
5 4
5 4
5 4
5 4
5 4
5 4
5 4
5 4
5 4
5 4
5 4
5 4
5 4
5 4
5 4
5 4
5 4
5 4
5 4
5 4
5 4
5 4
5 4
5 4
5 4
5 4
5 4
5 4
5 4
5 4
5 4
5 4
5 4
5 4
5 4
5 4
5 4
5 4
5 4
5 4
5 4
5 4
5 4
5 4
5 4
5 4
5 4
5 4
5 4
5 4
5 4
5 4
5 4
5 4
5 4
5 4
5 4
5 4
5 4
5 4
5 4
5 4
5 4
5 4
5 4
5 4
5 4
5 4
5 4
5 4
5 4
5 4
5 4
5 4
5 4
5 4
5 4
5 4
5 4
5 4
5 4
5 4
5 4
5 4
5 4
5 4
5 4
5 4
5 4
5 4
5 4
5 4
5 4
5 4
5 4
5 4
5 4
5 4
5 4
5 4
5 4
5 4
5 4
5 4
5 4
5 4
5 4
5 4
5 4
5 4
5 4
5 4
5 4
5 4
5 4
5 4
5 4
5 4
5 4
5 4
5 4
5 4
5 4
5 4
5 4
5 4
5 4
5 4
5 4
5 4
5 4
5 4
5 4
5 4
5 4
5 4
5 4
5 4
5 4
5 4
5 4
5 4
5 4
5 4
5 4
5 4
5 4
5 4
5 4
5 4
5 4
5 4
5 4
5 4
5 4
5 4
5 4
5 4
5 4
5 4
5 4
5 4
5 4
5 4
5 4
5 4
5 4
5 4
5 4
5 4
5 4
5 4
5 4
5 4
5 4
5 4
5 4
5 4
5 4
5 4
5 4
5 4
5 4
5 4
5 4
5 4
5 4
5 4
5 4
5 4
5 4
5 4
5 4
5 4
5 4
5 4
5 4
5 4
5 4
5 4
5 4
5 4
5 4
5 4
5 4
5 4
5 4
5 4
5 4
5 4
5 4
5 4
5 4
5 4
5 4
5 4
5 4
5 4
5 4
5 4
5 4
5 4
5 4
5 4
5 4
5 4
5 4
5 4
5 4
5 4
5 4
5 4
5 4
5 4
5 4
5 4
5 4
5 4
5 4
5 4
5 4
5 4
5 4
5 4
5 4
5 4
5 4
5 4
5 4
5 4
5 4
5 4
5 4
5 4
5 4
5 4
5 4
5 4
5 4
5 4
5 4
5 4
5 4
5 4
5 4
5 4
5 4
5 4
5 4
5 4
5 4
5 4
5 4
5 4
5 4
5 4
5 4
5 4
5 4
5 4
5 4
5 4
5 4
5 4
5 4
5 4
5 4
5 4
5 4
5 4
5 4
5 4
5 4
5 4
5 4
5 4
5 4
5 4
5 4
5 4
5 4
5 4
5 4
5 4
5 4
5 4
5 4
5 4
5 4
5 4
5 4
5 4
5 4
5 4
5 4
5 4
5 4
5 4
5 4
5 4
5 4
5 4
5 4
5 4
5 4
5 4
5 4
5 4
5 4
5 4
5 4
5 4
5 4
5 4
5 4
5 4
5 4
5 4
5 4
5 4
5 4
5 4
5 4
5 4
5 4
5 4
5 4
5 4
5 4
5 4
5 4
5 4
5 4
5 4
5 4
5 4
5 4
5 4
5 4
5 4
5 4
5 4
5 4
5 4
5 4
5 4
5 4
5 4
5 4
5 4
5 4
5 4
5 4
5 4
5 4
5 4
5 4
5 4
5 4
5 4
5 4
5 4
5 4
5 4
5 4
5 4
5 4
5 4
5 4
5 4
5 4
5 4
5 4
5 4
5 4
5 4
5 4
5 4
5 4
5 4
5 4
5 4
5 4
5 4
5 4
5 4
5 4
5 4
5 4
5 4
5 4
5 4
5 4
5 4
5 4
5 4
5 4
5 4
5 4
5 4
5 4
5 4
5 4
5 4
5 4
5 4
5 4
5 4
5 4
5 4
5 4
5 4
5 4
5 4
5 4
5 4
5 4
5 4
5 4
5 4
5 4
5 4
5 4
5 4
5 4
5 4
5 4
5 4
5 4
5 4
5 4
5 4
5 4
5 4
5 4
5 4
5 4
5 4
5 4
5 4
5 4
5 4
5 4
5 4
5 4
5 4
5 4
5 4
5 4
5 4
5 4
5 4
5 4
5 4
5 4
5 4
5 4
5 4
5 4
5 4
5 4
5 4
5 4
5 4
5 4
5 4
5 4
5 4
5 4
5 4
5 4
5 4
5 4
5 4
5 4
8 1
7 2
8 1
7 2
8 1
7 2
8 1
7 2
8 1
7 2
8 1
7 2
8 1
8 1
8 1
8 1
8 1
8 1
8 1
8 1
8 1
8 1
8 1
8 1
8 1
8 1
8 1
8 1
8 1
8 1
7 1
6 2
7 1
6 2
7 1
6 2
7 1
6 2
7 1
6 2
7 1
6 2
7 1
7 1
7 1
7 1
7 1
7 1
7 1
7 1
7 1
7 1
7 1
7 1
7 1
7 1
7 1
7 1
7 1
7 1
7 1
7 1
7 1
7 1
7 1
7 1
6 1
5 2
6 1
5 2
6 1
5 2
6 1
5 2
6 1
5 2
6 1
5 2
6 1
6 1
6 1
6 1
6 1
6 1
6 1
6 1
6 1
6 1
6 1
6 1
6 1
6 1
6 1
6 1
6 1
6 1
6 1
6 1
6 1
6 1
6 1
6 1
6 1
6 1
6 1
6 1
6 1
6 1
5 1
4 2
5 1
4 2
5 1
4 2
5 1
4 2
5 1
4 2
5 1
4 2
5 1
5 1
5 1
5 1
5 1
5 1
5 1
5 1
5 1
5 1
5 1
5 1
5 1
5 1
5 1
5 1
5 1
5 1
5 1
5 1
5 1
5 1
5 1
5 1
5 1
5 1
5 1
5 1
5 1
5 1
5 1
5 1
5 1
5 1
5 1
5 1
4 1
3 2
4 1
3 2
4 1
3 2
4 1
3 2
4 1
3 2
4 1
3 2
4 1
4 1
4 1
4 1
4 1
4 1
4 1
4 1
4 1
4 1
4 1
4 1
4 1
4 1
4 1
4 1
4 1
4 1
4 1
4 1
4 1
4 1
4 1
4 1
4 1
4 1
4 1
4 1
4 1
4 1
4 1
4 1
4 1
4 1
4 1
4 1
4 1
4 1
4 1
4 1
4 1
4 1
3 1
2 2
3 1
2 2
3 1
2 2
3 1
2 2
3 1
2 2
3 1
2 2
3 1
3 1
3 1
3 1
3 1
3 1
3 1
3 1
3 1
3 1
3 1
3 1
3 1
3 1
3 1
3 1
3 1
3 1
3 1
3 1
3 1
3 1
3 1
3 1
3 1
3 1
3 1
3 1
3 1
3 1
3 1
3 1
3 1
3 1
3 1
3 1
3 1
3 1
3 1
3 1
3 1
3 1
3 1
3 1
3 1
3 1
3 1
3 1
2 1
1 2
2 1
1 2
2 1
1 2
2 1
1 2
2 1
1 2
2 1
1 2
2 1
2 1
2 1
2 1
2 1
2 1
2 1
2 1
2 1
2 1
2 1
2 1
2 1
2 1
2 1
2 1
2 1
2 1
2 1
2 1
2 1
2 1
2 1
2 1
2 1
2 1
2 1
2 1
2 1
2 1
2 1
2 1
2 1
2 1
2 1
2 1
2 1
2 1
2 1
2 1
2 1
2 1
2 1
2 1
2 1
2 1
2 1
2 1
2 1
2 1
2 1
2 1
2 1
2 1
1 1
1 1
1 1
1 1
1 1
1 1
1 1
1 1
1 1
1 1
1 1
1 1
1 1
1 1
1 1
1 1
1 1
1 1
1 1
1 1
1 1
1 1
1 1
1 1
1 1
1 1
1 1
1 1
1 1
1 1
1 1
1 1
1 1
1 1
1 1
1 1
1 1
1 1
1 1
1 1
1 1
1 1
1 1
1 1
1 1
1 1
1 1
1 1
1 1
1 1
1 1
1 1
1 1
1 1
1 1
1 1
1 1
1 1
1 1
1 1
1 1
1 1
1 1
1 1
1 1
1 1
1 0
1 0
1 0
1 0
1 0
1 0
1 0
1 0
1 0
1 0
1 0
1 0
1 0
1 0
1 0
1 0
1 0
1 0
1 0
1 0
1 0
1 0
1 0
1 0
1 0
1 0
1 0
1 0
1 0
1 0
1 0
1 0
1 0
1 0
1 0
1 0
1 0
1 0
1 0
1 0
1 0
1 0
1 0
1 0
1 0
1 0
1 0
1 0
1 0
1 0
1 0
1 0
1 0
1 0
1 0
1 0
1 0
1 0
1 0
1 0
1 0
1 0
1 0
1 0
1 0
1 0
46
11 29
10 29
10 28
10 27
9 27
9 26
9 25
8 25
8 24
8 23
9 23
9 22
9 21
10 21
10 20
11 20
11 19
11 18
11 17
11 16
11 15
11 14
11 13
11 12
11 11
11 10
11 9
11 8
11 7
11 6
11 5
11 4
11 3
11 2
10 2
9 2
8 2
7 2
6 2
5 2
4 2
3 2
2 2
1 2
1 1
1 0
