243
8 18
8 17
7 18
6 18
6 17
5 17
5 16
5 15
5 14
5 13
4 13
4 12
3 13
2 13
2 12
2 11
2 10
2 9
1 10
3 9
3 10
1 13
3 11
4 9
4 14
5 9
6 13
6 12
1 14
2 14
6 14
4 17
3 17
7 12
6 9
5 10
1 15
7 14
8 12
3 18
9 17
9 16
9 15
9 14
8 14
8 15
7 15
10 14
10 13
10 12
9 12
7 9
6 10
9 18
1 16
8 19
3 19
11 14
10 17
8 9
7 10
2 16
1 17
8 20
7 20
6 20
5 20
5 19
4 19
4 20
11 17
11 16
11 15
12 14
8 10
12 15
12 16
9 20
6 21
1 18
13 14
11 18
9 10
10 20
10 19
13 16
6 22
5 22
4 22
3 22
3 21
2 22
1 22
1 19
14 14
11 19
11 20
14 16
14 15
7 22
13 17
1 23
2 23
4 23
5 23
15 14
12 19
1 20
15 15
8 22
11 21
15 16
14 17
7 23
1 24
2 24
13 19
9 22
12 21
15 17
8 23
1 25
2 25
14 19
13 20
10 22
12 22
3 25
15 19
14 20
1 26
15 20
1 27
1 28
1 29
2 29
1 30
3 29
3 28
3 27
4 27
4 26
2 30
4 28
1 31
4 29
2 31
5 29
6 29
5 30
7 29
6 30
8 29
8 28
8 27
8 26
8 25
7 25
6 25
6 24
5 25
7 27
6 27
9 25
9 26
10 25
7 30
9 28
10 26
9 29
8 30
11 25
11 24
10 28
7 31
11 26
10 29
12 24
9 30
12 25
11 29
11 27
13 24
13 23
10 30
13 25
9 31
14 23
14 22
12 29
12 28
12 27
11 30
15 22
14 25
13 28
13 26
15 23
13 29
12 30
11 31
15 25
14 28
14 26
14 29
12 31
15 28
11 32
10 32
15 26
15 29
13 31
10 33
9 33
8 33
8 32
7 33
11 33
14 31
13 32
7 34
6 34
5 34
5 33
5 32
4 33
3 33
3 32
2 33
1 33
4 34
6 32
8 34
9 34
11 34
1 34
2 34
15 31
15 32
15 33
14 33
14 34
15 34
0
