6570
8 18
8 19
9 18
8 17
7 18
6 18
9 17
8 20
9 17
6 17
9 20
7 20
10 17
9 16
10 17
9 16
5 17
6 20
9 15
9 15
10 20
11 17
11 17
5 16
4 17
6 21
5 20
9 14
8 15
9 14
8 15
11 20
10 19
11 18
11 16
11 18
11 16
3 17
5 15
5 19
4 20
6 22
8 14
7 15
8 14
7 15
10 14
8 14
10 14
8 14
11 19
12 16
11 15
12 16
11 15
11 19
11 19
11 21
11 19
3 18
4 19
5 14
4 19
7 22
5 22
7 14
7 14
7 14
7 14
7 14
7 14
11 14
10 13
11 14
10 13
12 15
11 14
12 15
11 14
12 19
12 19
12 19
12 19
12 21
13 16
12 15
13 16
12 15
3 19
3 19
3 19
6 14
5 13
4 14
5 23
4 22
6 14
6 14
6 14
6 14
6 14
6 14
7 23
8 22
10 12
10 12
12 14
12 14
12 14
12 14
12 14
12 14
12 14
12 14
13 19
13 19
13 19
13 19
12 22
13 17
14 16
13 17
14 16
4 13
4 23
3 22
6 13
4 13
4 23
6 13
6 13
6 13
6 13
6 13
6 13
6 13
8 23
8 23
9 22
9 12
9 12
13 14
13 14
13 14
13 14
13 14
13 14
13 14
13 14
14 17
14 17
13 20
14 19
13 20
14 19
13 20
14 19
13 20
14 19
14 17
15 16
14 15
14 17
15 16
14 15
3 21
2 22
4 12
3 13
4 12
3 13
6 12
6 12
6 12
6 12
6 12
6 12
6 12
6 12
8 12
8 12
10 22
14 14
14 14
14 14
14 14
14 14
14 14
14 14
14 14
14 20
14 20
14 20
14 20
15 15
14 14
15 15
14 14
15 17
15 17
15 17
15 17
14 20
15 19
14 20
15 19
14 20
15 19
14 20
15 19
15 17
15 15
15 17
15 15
2 23
1 22
2 13
2 13
7 12
7 12
7 12
7 12
7 12
7 12
7 12
7 12
7 12
7 12
15 14
15 14
15 14
15 14
15 14
15 14
15 14
15 14
15 14
15 14
15 20
15 20
15 20
15 20
15 20
15 20
15 20
15 20
15 14
15 14
15 14
15 14
15 20
15 20
15 20
15 20
1 23
2 14
2 12
1 13
2 14
2 12
1 13
2 24
1 23
1 14
1 14
1 24
1 24
2 11
2 11
1 14
1 14
2 25
1 24
1 15
1 15
1 15
1 15
1 25
1 25
1 25
3 11
2 10
3 11
2 10
3 25
1 25
1 16
1 16
1 16
1 16
1 26
1 26
1 26
1 26
3 10
2 9
1 10
3 10
2 9
1 10
3 10
3 10
1 17
2 16
1 17
2 16
1 17
2 16
1 17
2 16
1 27
1 27
1 27
1 27
3 9
3 9
3 9
3 9
3 9
3 9
1 18
1 18
1 18
1 18
1 28
1 28
1 28
1 28
4 9
4 9
4 9
4 9
4 9
4 9
1 19
1 19
1 19
1 19
1 29
1 29
1 29
1 29
5 9
5 9
5 9
5 9
5 9
5 9
1 20
1 20
1 20
1 20
1 30
2 29
1 30
2 29
1 30
2 29
1 30
2 29
5 10
6 9
5 10
6 9
5 10
6 9
5 10
6 9
5 10
6 9
5 10
6 9
1 31
2 30
1 31
2 30
1 31
2 30
1 31
2 30
2 30
3 29
2 30
3 29
2 30
3 29
2 30
3 29
6 10
6 10
6 10
6 10
6 10
6 10
6 10
7 9
6 10
7 9
6 10
7 9
6 10
7 9
6 10
7 9
6 10
7 9
2 31
2 31
2 31
2 31
2 31
2 31
2 31
2 31
2 31
2 31
2 31
2 31
4 29
3 28
4 29
3 28
4 29
3 28
4 29
3 28
7 10
7 10
7 10
7 10
7 10
7 10
7 10
7 10
7 10
7 10
7 10
7 10
7 10
8 9
7 10
8 9
7 10
8 9
7 10
8 9
7 10
8 9
7 10
8 9
4 28
3 27
4 28
3 27
4 28
3 27
4 28
3 27
5 29
4 28
5 29
4 28
5 29
4 28
5 29
4 28
8 10
8 10
8 10
8 10
8 10
8 10
8 10
8 10
8 10
8 10
8 10
8 10
8 10
8 10
8 10
8 10
8 10
8 10
8 10
8 10
8 10
8 10
8 10
8 10
4 27
4 27
4 27
4 27
4 27
4 27
4 27
4 27
4 27
4 27
4 27
4 27
5 30
6 29
5 30
6 29
5 30
6 29
5 30
6 29
9 10
9 10
9 10
9 10
9 10
9 10
9 10
9 10
9 10
9 10
9 10
9 10
9 10
9 10
9 10
9 10
9 10
9 10
9 10
9 10
9 10
9 10
9 10
9 10
4 26
4 26
4 26
4 26
4 26
4 26
4 26
4 26
4 26
4 26
4 26
4 26
6 30
6 30
6 30
6 30
6 30
7 29
6 30
7 29
6 30
7 29
6 30
7 29
7 30
7 30
7 30
7 30
7 30
7 30
7 30
7 30
7 30
8 29
7 30
8 29
7 30
8 29
7 30
8 29
7 31
8 30
7 31
8 30
7 31
8 30
7 31
8 30
7 31
8 30
7 31
8 30
7 31
8 30
7 31
8 30
7 31
8 30
7 31
8 30
7 31
8 30
7 31
8 30
8 30
9 29
8 28
8 30
9 29
8 28
8 30
9 29
8 28
8 30
9 29
8 28
9 28
8 27
9 28
8 27
9 28
8 27
9 28
8 27
9 30
9 30
9 30
9 30
9 30
9 30
9 30
9 30
9 30
9 30
9 30
9 30
9 30
9 30
9 30
9 30
9 30
10 29
9 28
9 30
10 29
9 28
9 30
10 29
9 28
9 30
10 29
9 28
8 26
7 27
8 26
7 27
8 26
7 27
8 26
7 27
10 28
10 28
10 28
10 28
10 28
10 28
10 28
10 28
9 31
10 30
9 31
10 30
9 31
10 30
9 31
10 30
9 31
10 30
9 31
10 30
9 31
10 30
9 31
10 30
9 31
10 30
9 31
10 30
9 31
10 30
9 31
10 30
9 31
10 30
9 31
10 30
9 31
10 30
9 31
10 30
9 31
10 30
9 31
10 30
9 31
10 30
9 31
10 30
10 30
11 29
10 28
10 30
11 29
10 28
10 30
11 29
10 28
10 30
11 29
10 28
6 27
6 27
6 27
6 27
9 26
8 25
9 26
8 25
9 26
8 25
9 26
8 25
11 30
11 30
11 30
11 30
11 30
11 30
11 30
11 30
11 30
11 30
11 30
11 30
11 30
11 30
11 30
11 30
11 30
11 30
11 30
11 30
11 30
11 30
11 30
11 30
11 30
12 29
11 30
12 29
11 30
12 29
11 30
12 29
9 25
7 25
9 25
7 25
9 25
7 25
9 25
7 25
10 26
9 25
10 26
9 25
10 26
9 25
10 26
9 25
11 31
12 30
11 31
12 30
11 31
12 30
11 31
12 30
11 31
12 30
11 31
12 30
11 31
12 30
11 31
12 30
11 31
12 30
11 31
12 30
11 31
12 30
11 31
12 30
11 31
12 30
11 31
12 30
11 31
12 30
11 31
12 30
11 31
12 30
11 31
12 30
11 31
12 30
11 31
12 30
11 31
12 30
11 31
12 30
11 31
12 30
11 31
12 30
11 31
12 30
11 31
12 30
11 31
12 30
11 31
12 30
12 30
13 29
12 28
12 30
13 29
12 28
12 30
13 29
12 28
12 30
13 29
12 28
6 25
6 25
6 25
6 25
10 25
10 25
10 25
10 25
10 25
10 25
10 25
10 25
11 26
10 25
11 26
10 25
11 26
10 25
11 26
10 25
11 32
12 31
11 32
12 31
11 32
12 31
11 32
12 31
11 32
12 31
11 32
12 31
11 32
12 31
11 32
12 31
11 32
12 31
11 32
12 31
11 32
12 31
11 32
12 31
11 32
12 31
11 32
12 31
11 32
12 31
11 32
12 31
11 32
12 31
11 32
12 31
11 32
12 31
11 32
12 31
11 32
12 31
11 32
12 31
11 32
12 31
11 32
12 31
11 32
12 31
11 32
12 31
11 32
12 31
11 32
12 31
13 28
12 27
13 28
12 27
13 28
12 27
13 28
12 27
12 31
12 31
12 31
12 31
12 31
12 31
12 31
12 31
12 31
12 31
12 31
12 31
12 31
12 31
12 31
12 31
12 31
12 31
12 31
12 31
12 31
12 31
12 31
12 31
12 31
12 31
12 31
12 31
12 31
12 31
12 31
12 31
14 29
13 28
14 29
13 28
14 29
13 28
14 29
13 28
6 24
5 25
6 24
5 25
6 24
5 25
6 24
5 25
11 25
11 25
11 25
11 25
11 25
11 25
11 25
11 25
11 25
11 25
11 25
11 25
11 27
11 25
11 27
11 25
11 27
11 25
11 27
11 25
11 33
10 32
11 33
10 32
11 33
10 32
11 33
10 32
11 33
10 32
11 33
10 32
11 33
10 32
11 33
10 32
11 33
10 32
11 33
10 32
11 33
10 32
11 33
10 32
11 33
10 32
11 33
10 32
11 33
10 32
11 33
10 32
11 33
10 32
11 33
10 32
11 33
10 32
11 33
10 32
11 33
10 32
11 33
10 32
11 33
10 32
11 33
10 32
11 33
10 32
11 33
10 32
11 33
10 32
11 33
10 32
11 27
11 27
11 27
11 27
13 31
13 31
13 31
13 31
13 31
13 31
13 31
13 31
13 31
13 31
13 31
13 31
13 31
13 31
13 31
13 31
13 31
13 31
13 31
13 31
13 31
13 31
13 31
13 31
13 31
13 31
13 31
13 31
13 31
13 31
13 31
13 31
13 31
13 31
13 31
13 31
13 31
13 31
13 31
13 31
13 31
13 31
13 31
13 31
13 31
13 31
13 31
13 31
13 31
13 31
13 31
13 31
13 31
13 31
13 31
13 31
13 31
13 31
13 31
13 31
14 28
14 28
14 28
14 28
14 28
14 28
14 28
14 28
15 29
14 28
15 29
14 28
15 29
14 28
15 29
14 28
10 33
10 33
10 33
10 33
10 33
10 33
10 33
10 33
10 33
10 33
10 33
10 33
10 33
10 33
10 33
10 33
10 33
10 33
10 33
10 33
10 33
10 33
10 33
10 33
10 33
10 33
10 33
10 33
12 25
11 24
12 25
11 24
12 25
11 24
12 25
11 24
12 25
11 24
12 25
11 24
12 25
11 24
12 25
11 24
12 25
11 24
12 25
11 24
12 25
11 24
12 25
11 24
12 25
11 24
12 25
11 24
12 25
11 24
12 25
11 24
11 34
10 33
11 34
10 33
11 34
10 33
11 34
10 33
11 34
10 33
11 34
10 33
11 34
10 33
11 34
10 33
11 34
10 33
11 34
10 33
11 34
10 33
11 34
10 33
11 34
10 33
11 34
10 33
11 34
10 33
11 34
10 33
11 34
10 33
11 34
10 33
11 34
10 33
11 34
10 33
11 34
10 33
11 34
10 33
11 34
10 33
11 34
10 33
11 34
10 33
11 34
10 33
11 34
10 33
11 34
10 33
13 32
14 31
13 32
14 31
13 32
14 31
13 32
14 31
13 32
14 31
13 32
14 31
13 32
14 31
13 32
14 31
13 32
14 31
13 32
14 31
13 32
14 31
13 32
14 31
13 32
14 31
13 32
14 31
13 32
14 31
13 32
14 31
13 32
14 31
13 32
14 31
13 32
14 31
13 32
14 31
13 32
14 31
13 32
14 31
13 32
14 31
13 32
14 31
13 32
14 31
13 32
14 31
13 32
14 31
13 32
14 31
13 32
14 31
13 32
14 31
13 32
14 31
13 32
14 31
13 32
14 31
13 32
14 31
13 32
14 31
13 32
14 31
13 32
14 31
13 32
14 31
13 32
14 31
13 32
14 31
13 32
14 31
13 32
14 31
13 32
14 31
13 32
14 31
13 32
14 31
13 32
14 31
13 32
14 31
13 32
14 31
13 32
14 31
13 32
14 31
13 32
14 31
13 32
14 31
13 32
14 31
13 32
14 31
13 32
14 31
13 32
14 31
13 32
14 31
13 32
14 31
13 32
14 31
13 32
14 31
15 28
15 28
15 28
15 28
15 28
15 28
15 28
15 28
15 28
15 28
15 28
15 28
15 28
15 28
15 28
15 28
9 33
9 33
9 33
9 33
9 33
9 33
9 33
9 33
9 33
9 33
9 33
9 33
9 33
9 33
9 33
9 33
9 33
9 33
9 33
9 33
9 33
9 33
9 33
9 33
9 33
9 33
9 33
9 33
9 33
9 33
9 33
9 33
9 33
9 33
9 33
9 33
9 33
9 33
9 33
9 33
9 33
9 33
9 33
9 33
9 33
9 33
9 33
9 33
9 33
9 33
9 33
9 33
9 33
9 33
9 33
9 33
12 24
12 24
12 24
12 24
12 24
12 24
12 24
12 24
12 24
12 24
12 24
12 24
12 24
12 24
12 24
12 24
13 25
12 24
13 25
12 24
13 25
12 24
13 25
12 24
13 25
12 24
13 25
12 24
13 25
12 24
13 25
12 24
13 25
12 24
13 25
12 24
13 25
12 24
13 25
12 24
13 25
12 24
13 25
12 24
13 25
12 24
13 25
12 24
15 31
15 31
15 31
15 31
15 31
15 31
15 31
15 31
15 31
15 31
15 31
15 31
15 31
15 31
15 31
15 31
15 31
15 31
15 31
15 31
15 31
15 31
15 31
15 31
15 31
15 31
15 31
15 31
15 31
15 31
15 31
15 31
15 31
15 31
15 31
15 31
15 31
15 31
15 31
15 31
15 31
15 31
15 31
15 31
15 31
15 31
15 31
15 31
15 31
15 31
15 31
15 31
15 31
15 31
15 31
15 31
15 31
15 31
15 31
15 31
9 34
8 33
9 34
8 33
9 34
8 33
9 34
8 33
9 34
8 33
9 34
8 33
9 34
8 33
9 34
8 33
9 34
8 33
9 34
8 33
9 34
8 33
9 34
8 33
9 34
8 33
9 34
8 33
9 34
8 33
9 34
8 33
9 34
8 33
9 34
8 33
9 34
8 33
9 34
8 33
9 34
8 33
9 34
8 33
9 34
8 33
9 34
8 33
9 34
8 33
9 34
8 33
9 34
8 33
9 34
8 33
9 34
8 33
9 34
8 33
9 34
8 33
9 34
8 33
9 34
8 33
9 34
8 33
9 34
8 33
9 34
8 33
9 34
8 33
9 34
8 33
9 34
8 33
9 34
8 33
9 34
8 33
9 34
8 33
9 34
8 33
9 34
8 33
9 34
8 33
9 34
8 33
9 34
8 33
9 34
8 33
9 34
8 33
9 34
8 33
9 34
8 33
9 34
8 33
9 34
8 33
9 34
8 33
9 34
8 33
9 34
8 33
13 24
13 24
13 24
13 24
13 24
13 24
13 24
13 24
13 24
13 24
13 24
13 24
13 24
13 24
13 24
13 24
13 24
13 24
13 24
13 24
13 24
13 24
13 24
13 24
13 24
13 24
13 24
13 24
13 24
13 24
13 24
13 24
13 26
14 25
13 24
13 26
14 25
13 24
13 26
14 25
13 24
13 26
14 25
13 24
13 26
14 25
13 24
13 26
14 25
13 24
13 26
14 25
13 24
13 26
14 25
13 24
13 26
14 25
13 24
13 26
14 25
13 24
13 26
14 25
13 24
13 26
14 25
13 24
13 26
14 25
13 24
13 26
14 25
13 24
13 26
14 25
13 24
13 26
14 25
13 24
15 32
15 32
15 32
15 32
15 32
15 32
15 32
15 32
15 32
15 32
15 32
15 32
15 32
15 32
15 32
15 32
15 32
15 32
15 32
15 32
15 32
15 32
15 32
15 32
15 32
15 32
15 32
15 32
15 32
15 32
15 32
15 32
15 32
15 32
15 32
15 32
15 32
15 32
15 32
15 32
15 32
15 32
15 32
15 32
15 32
15 32
15 32
15 32
15 32
15 32
15 32
15 32
15 32
15 32
15 32
15 32
15 32
15 32
15 32
15 32
8 34
8 32
7 33
8 34
8 32
7 33
8 34
8 32
7 33
8 34
8 32
7 33
8 34
8 32
7 33
8 34
8 32
7 33
8 34
8 32
7 33
8 34
8 32
7 33
8 34
8 32
7 33
8 34
8 32
7 33
8 34
8 32
7 33
8 34
8 32
7 33
8 34
8 32
7 33
8 34
8 32
7 33
8 34
8 32
7 33
8 34
8 32
7 33
8 34
8 32
7 33
8 34
8 32
7 33
8 34
8 32
7 33
8 34
8 32
7 33
8 34
8 32
7 33
8 34
8 32
7 33
8 34
8 32
7 33
8 34
8 32
7 33
8 34
8 32
7 33
8 34
8 32
7 33
8 34
8 32
7 33
8 34
8 32
7 33
8 34
8 32
7 33
8 34
8 32
7 33
8 34
8 32
7 33
8 34
8 32
7 33
8 34
8 32
7 33
8 34
8 32
7 33
8 34
8 32
7 33
8 34
8 32
7 33
8 34
8 32
7 33
8 34
8 32
7 33
8 34
8 32
7 33
8 34
8 32
7 33
8 34
8 32
7 33
8 34
8 32
7 33
8 34
8 32
7 33
8 34
8 32
7 33
8 34
8 32
7 33
8 34
8 32
7 33
8 34
8 32
7 33
8 34
8 32
7 33
8 34
8 32
7 33
8 34
8 32
7 33
8 34
8 32
7 33
8 34
8 32
7 33
8 34
8 32
7 33
8 34
8 32
7 33
8 34
8 32
7 33
8 34
8 32
7 33
8 34
8 34
8 34
8 34
8 34
8 34
8 34
8 34
8 34
8 34
8 34
8 34
8 34
8 34
8 34
8 34
8 34
8 34
8 34
8 34
8 34
8 34
8 34
8 34
8 34
8 34
8 34
8 34
8 34
8 34
8 34
8 34
8 34
8 34
8 34
8 34
8 34
8 34
8 34
8 34
8 34
8 34
8 34
8 34
8 34
8 34
8 34
8 34
8 34
8 34
8 34
8 34
8 34
8 34
8 34
8 34
13 23
13 23
13 23
13 23
13 23
13 23
13 23
13 23
13 23
13 23
13 23
13 23
13 23
13 23
13 23
13 23
13 23
13 23
13 23
13 23
13 23
13 23
13 23
13 23
13 23
13 23
13 23
13 23
13 23
13 23
13 23
13 23
13 23
13 23
13 23
13 23
13 23
13 23
13 23
13 23
13 23
13 23
13 23
13 23
13 23
13 23
13 23
13 23
14 26
14 26
14 26
14 26
14 26
14 26
14 26
14 26
14 26
14 26
14 26
14 26
14 26
14 26
14 26
14 26
14 26
15 25
14 26
15 25
14 26
15 25
14 26
15 25
14 26
15 25
14 26
15 25
14 26
15 25
14 26
15 25
14 26
15 25
14 26
15 25
14 26
15 25
14 26
15 25
14 26
15 25
14 26
15 25
14 26
15 25
14 26
15 25
15 33
15 33
15 33
15 33
15 33
15 33
15 33
15 33
15 33
15 33
15 33
15 33
15 33
15 33
15 33
15 33
15 33
15 33
15 33
15 33
15 33
15 33
15 33
15 33
15 33
15 33
15 33
15 33
15 33
15 33
15 33
15 33
15 33
15 33
15 33
15 33
15 33
15 33
15 33
15 33
15 33
15 33
15 33
15 33
15 33
15 33
15 33
15 33
15 33
15 33
15 33
15 33
15 33
15 33
15 33
15 33
15 33
15 33
15 33
15 33
7 34
7 34
7 34
7 34
7 34
7 34
7 34
7 34
7 34
7 34
7 34
7 34
7 34
7 34
7 34
7 34
7 34
7 34
7 34
7 34
7 34
7 34
7 34
7 34
7 34
7 34
7 34
7 34
7 34
7 34
7 34
7 34
7 34
7 34
7 34
7 34
7 34
7 34
7 34
7 34
7 34
7 34
7 34
7 34
7 34
7 34
7 34
7 34
7 34
7 34
7 34
7 34
7 34
7 34
7 34
7 34
7 34
7 34
7 34
7 34
7 34
7 34
7 34
7 34
7 34
7 34
7 34
7 34
7 34
7 34
7 34
7 34
7 34
7 34
7 34
7 34
7 34
7 34
7 34
7 34
7 34
7 34
7 34
7 34
7 34
7 34
7 34
7 34
7 34
7 34
7 34
7 34
7 34
7 34
7 34
7 34
7 34
7 34
7 34
7 34
7 34
7 34
7 34
7 34
7 34
7 34
7 34
7 34
7 34
7 34
7 34
7 34
7 34
7 34
7 34
7 34
7 34
7 34
7 34
7 34
7 34
7 34
7 34
7 34
7 34
7 34
7 34
7 34
7 34
7 34
7 34
7 34
7 34
7 34
7 34
7 34
7 34
7 34
7 34
7 34
7 34
7 34
7 34
7 34
7 34
7 34
7 34
7 34
7 34
7 34
7 34
7 34
7 34
7 34
7 34
7 34
7 34
7 34
7 34
7 34
7 34
7 34
7 34
7 34
7 34
7 34
7 34
7 34
14 23
14 23
14 23
14 23
14 23
14 23
14 23
14 23
14 23
14 23
14 23
14 23
14 23
14 23
14 23
14 23
14 23
14 23
14 23
14 23
14 23
14 23
14 23
14 23
14 23
14 23
14 23
14 23
14 23
14 23
14 23
14 23
14 23
14 23
14 23
14 23
14 23
14 23
14 23
14 23
14 23
14 23
14 23
14 23
14 23
14 23
14 23
14 23
15 26
15 26
15 26
15 26
15 26
15 26
15 26
15 26
15 26
15 26
15 26
15 26
15 26
15 26
15 26
15 26
15 26
15 26
15 26
15 26
15 26
15 26
15 26
15 26
15 26
15 26
15 26
15 26
15 26
15 26
15 26
15 26
15 26
15 26
15 26
15 26
15 26
15 26
15 26
15 26
15 26
15 26
15 26
15 26
15 26
15 26
15 26
15 26
15 34
14 33
15 34
14 33
15 34
14 33
15 34
14 33
15 34
14 33
15 34
14 33
15 34
14 33
15 34
14 33
15 34
14 33
15 34
14 33
15 34
14 33
15 34
14 33
15 34
14 33
15 34
14 33
15 34
14 33
15 34
14 33
15 34
14 33
15 34
14 33
15 34
14 33
15 34
14 33
15 34
14 33
15 34
14 33
15 34
14 33
15 34
14 33
15 34
14 33
15 34
14 33
15 34
14 33
15 34
14 33
15 34
14 33
15 34
14 33
15 34
14 33
15 34
14 33
15 34
14 33
15 34
14 33
15 34
14 33
15 34
14 33
15 34
14 33
15 34
14 33
15 34
14 33
15 34
14 33
15 34
14 33
15 34
14 33
15 34
14 33
15 34
14 33
15 34
14 33
15 34
14 33
15 34
14 33
15 34
14 33
15 34
14 33
15 34
14 33
15 34
14 33
15 34
14 33
15 34
14 33
15 34
14 33
15 34
14 33
15 34
14 33
15 34
14 33
15 34
14 33
15 34
14 33
15 34
14 33
6 34
6 34
6 34
6 34
6 34
6 34
6 34
6 34
6 34
6 34
6 34
6 34
6 34
6 34
6 34
6 34
6 34
6 34
6 34
6 34
6 34
6 34
6 34
6 34
6 34
6 34
6 34
6 34
6 34
6 34
6 34
6 34
6 34
6 34
6 34
6 34
6 34
6 34
6 34
6 34
6 34
6 34
6 34
6 34
6 34
6 34
6 34
6 34
6 34
6 34
6 34
6 34
6 34
6 34
6 34
6 34
6 34
6 34
6 34
6 34
6 34
6 34
6 34
6 34
6 34
6 34
6 34
6 34
6 34
6 34
6 34
6 34
6 34
6 34
6 34
6 34
6 34
6 34
6 34
6 34
6 34
6 34
6 34
6 34
6 34
6 34
6 34
6 34
6 34
6 34
6 34
6 34
6 34
6 34
6 34
6 34
6 34
6 34
6 34
6 34
6 34
6 34
6 34
6 34
6 34
6 34
6 34
6 34
6 34
6 34
6 34
6 34
6 34
6 34
6 34
6 34
6 34
6 34
6 34
6 34
6 34
6 34
6 34
6 34
6 34
6 34
6 34
6 34
6 34
6 34
6 34
6 34
6 34
6 34
6 34
6 34
6 34
6 34
6 34
6 34
6 34
6 34
6 34
6 34
6 34
6 34
6 34
6 34
6 34
6 34
6 34
6 34
6 34
6 34
6 34
6 34
6 34
6 34
6 34
6 34
6 34
6 34
6 34
6 34
6 34
6 34
6 34
6 34
15 23
14 22
15 23
14 22
15 23
14 22
15 23
14 22
15 23
14 22
15 23
14 22
15 23
14 22
15 23
14 22
15 23
14 22
15 23
14 22
15 23
14 22
15 23
14 22
15 23
14 22
15 23
14 22
15 23
14 22
15 23
14 22
15 23
14 22
15 23
14 22
15 23
14 22
15 23
14 22
15 23
14 22
15 23
14 22
15 23
14 22
15 23
14 22
15 23
14 22
15 23
14 22
15 23
14 22
15 23
14 22
15 23
14 22
15 23
14 22
15 23
14 22
15 23
14 22
15 23
14 22
15 23
14 22
15 23
14 22
15 23
14 22
15 23
14 22
15 23
14 22
15 23
14 22
15 23
14 22
15 23
14 22
15 23
14 22
15 23
14 22
15 23
14 22
15 23
14 22
15 23
14 22
15 23
14 22
15 23
14 22
14 34
14 34
14 34
14 34
14 34
14 34
14 34
14 34
14 34
14 34
14 34
14 34
14 34
14 34
14 34
14 34
14 34
14 34
14 34
14 34
14 34
14 34
14 34
14 34
14 34
14 34
14 34
14 34
14 34
14 34
14 34
14 34
14 34
14 34
14 34
14 34
14 34
14 34
14 34
14 34
14 34
14 34
14 34
14 34
14 34
14 34
14 34
14 34
14 34
14 34
14 34
14 34
14 34
14 34
14 34
14 34
14 34
14 34
14 34
14 34
14 34
14 34
14 34
14 34
14 34
14 34
14 34
14 34
14 34
14 34
14 34
14 34
14 34
14 34
14 34
14 34
14 34
14 34
14 34
14 34
14 34
14 34
14 34
14 34
14 34
14 34
14 34
14 34
14 34
14 34
14 34
14 34
14 34
14 34
14 34
14 34
14 34
14 34
14 34
14 34
14 34
14 34
14 34
14 34
14 34
14 34
14 34
14 34
14 34
14 34
14 34
14 34
14 34
14 34
14 34
14 34
14 34
14 34
14 34
14 34
5 34
5 34
5 34
5 34
5 34
5 34
5 34
5 34
5 34
5 34
5 34
5 34
5 34
5 34
5 34
5 34
5 34
5 34
5 34
5 34
5 34
5 34
5 34
5 34
5 34
5 34
5 34
5 34
5 34
5 34
5 34
5 34
5 34
5 34
5 34
5 34
5 34
5 34
5 34
5 34
5 34
5 34
5 34
5 34
5 34
5 34
5 34
5 34
5 34
5 34
5 34
5 34
5 34
5 34
5 34
5 34
5 34
5 34
5 34
5 34
5 34
5 34
5 34
5 34
5 34
5 34
5 34
5 34
5 34
5 34
5 34
5 34
5 34
5 34
5 34
5 34
5 34
5 34
5 34
5 34
5 34
5 34
5 34
5 34
5 34
5 34
5 34
5 34
5 34
5 34
5 34
5 34
5 34
5 34
5 34
5 34
5 34
5 34
5 34
5 34
5 34
5 34
5 34
5 34
5 34
5 34
5 34
5 34
5 34
5 34
5 34
5 34
5 34
5 34
5 34
5 34
5 34
5 34
5 34
5 34
5 34
5 34
5 34
5 34
5 34
5 34
5 34
5 34
5 34
5 34
5 34
5 34
5 34
5 34
5 34
5 34
5 34
5 34
5 34
5 34
5 34
5 34
5 34
5 34
5 34
5 34
5 34
5 34
5 34
5 34
5 34
5 34
5 34
5 34
5 34
5 34
5 34
5 34
5 34
5 34
5 34
5 34
5 34
5 34
5 34
5 34
5 34
5 34
15 22
15 22
15 22
15 22
15 22
15 22
15 22
15 22
15 22
15 22
15 22
15 22
15 22
15 22
15 22
15 22
15 22
15 22
15 22
15 22
15 22
15 22
15 22
15 22
15 22
15 22
15 22
15 22
15 22
15 22
15 22
15 22
15 22
15 22
15 22
15 22
15 22
15 22
15 22
15 22
15 22
15 22
15 22
15 22
15 22
15 22
15 22
15 22
15 22
15 22
15 22
15 22
15 22
15 22
15 22
15 22
15 22
15 22
15 22
15 22
15 22
15 22
15 22
15 22
15 22
15 22
15 22
15 22
15 22
15 22
15 22
15 22
15 22
15 22
15 22
15 22
15 22
15 22
15 22
15 22
15 22
15 22
15 22
15 22
15 22
15 22
15 22
15 22
15 22
15 22
15 22
15 22
15 22
15 22
15 22
15 22
5 33
4 34
5 33
4 34
5 33
4 34
5 33
4 34
5 33
4 34
5 33
4 34
5 33
4 34
5 33
4 34
5 33
4 34
5 33
4 34
5 33
4 34
5 33
4 34
5 33
4 34
5 33
4 34
5 33
4 34
5 33
4 34
5 33
4 34
5 33
4 34
5 33
4 34
5 33
4 34
5 33
4 34
5 33
4 34
5 33
4 34
5 33
4 34
5 33
4 34
5 33
4 34
5 33
4 34
5 33
4 34
5 33
4 34
5 33
4 34
5 33
4 34
5 33
4 34
5 33
4 34
5 33
4 34
5 33
4 34
5 33
4 34
5 33
4 34
5 33
4 34
5 33
4 34
5 33
4 34
5 33
4 34
5 33
4 34
5 33
4 34
5 33
4 34
5 33
4 34
5 33
4 34
5 33
4 34
5 33
4 34
5 33
4 34
5 33
4 34
5 33
4 34
5 33
4 34
5 33
4 34
5 33
4 34
5 33
4 34
5 33
4 34
5 33
4 34
5 33
4 34
5 33
4 34
5 33
4 34
5 33
4 34
5 33
4 34
5 33
4 34
5 33
4 34
5 33
4 34
5 33
4 34
5 33
4 34
5 33
4 34
5 33
4 34
5 33
4 34
5 33
4 34
5 33
4 34
5 33
4 34
5 33
4 34
5 33
4 34
5 33
4 34
5 33
4 34
5 33
4 34
5 33
4 34
5 33
4 34
5 33
4 34
5 33
4 34
5 33
4 34
5 33
4 34
5 33
4 34
5 33
4 34
5 33
4 34
5 33
4 34
5 33
4 34
5 33
4 34
5 33
4 34
5 33
4 34
5 33
4 34
5 33
4 34
5 33
4 34
5 33
4 34
5 33
4 34
5 33
4 34
5 33
4 34
5 33
4 34
5 33
4 34
5 33
4 34
5 33
4 34
5 33
4 34
5 33
4 34
5 33
4 34
5 33
4 34
5 33
4 34
5 33
4 34
5 33
4 34
5 33
4 34
5 33
4 34
5 33
4 34
5 33
4 34
5 33
4 34
5 33
4 34
5 33
4 34
5 33
4 34
5 33
4 34
5 33
4 34
5 33
4 34
5 33
4 34
5 33
4 34
5 33
4 34
5 33
4 34
5 33
4 34
5 33
4 34
5 33
4 34
5 33
4 34
5 33
4 34
5 33
4 34
5 33
4 34
5 33
4 34
5 33
4 34
5 33
4 34
5 33
4 34
5 33
4 34
5 33
4 34
5 33
4 34
5 33
4 34
5 33
4 34
5 33
4 34
5 33
4 34
5 33
4 34
5 33
4 34
5 33
4 34
5 33
4 34
5 33
4 34
5 33
4 34
5 33
4 34
5 33
4 34
5 33
4 34
5 33
4 34
5 33
4 34
5 33
4 34
5 33
4 34
5 33
4 34
5 33
4 34
5 33
4 34
5 33
4 34
5 33
4 34
5 33
4 34
5 33
4 34
5 33
4 34
5 33
4 34
5 33
4 34
5 33
4 34
5 33
4 34
4 33
4 33
4 33
4 33
4 33
4 33
4 33
4 33
4 33
4 33
4 33
4 33
4 33
4 33
4 33
4 33
4 33
4 33
4 33
4 33
4 33
4 33
4 33
4 33
4 33
4 33
4 33
4 33
4 33
4 33
4 33
4 33
4 33
4 33
4 33
4 33
4 33
4 33
4 33
4 33
4 33
4 33
4 33
4 33
4 33
4 33
4 33
4 33
4 33
4 33
4 33
4 33
4 33
4 33
4 33
4 33
4 33
4 33
4 33
4 33
4 33
4 33
4 33
4 33
4 33
4 33
4 33
4 33
4 33
4 33
4 33
4 33
4 33
4 33
4 33
4 33
4 33
4 33
4 33
4 33
4 33
4 33
4 33
4 33
4 33
4 33
4 33
4 33
4 33
4 33
4 33
4 33
4 33
4 33
4 33
4 33
4 33
4 33
4 33
4 33
4 33
4 33
4 33
4 33
4 33
4 33
4 33
4 33
4 33
4 33
4 33
4 33
4 33
4 33
4 33
4 33
4 33
4 33
4 33
4 33
4 33
4 33
4 33
4 33
4 33
4 33
4 33
4 33
4 33
4 33
4 33
4 33
4 33
4 33
4 33
4 33
4 33
4 33
4 33
4 33
4 33
4 33
4 33
4 33
4 33
4 33
4 33
4 33
4 33
4 33
4 33
4 33
4 33
4 33
4 33
4 33
4 33
4 33
4 33
4 33
4 33
4 33
4 33
4 33
4 33
4 33
4 33
4 33
5 32
4 33
5 32
4 33
5 32
4 33
5 32
4 33
5 32
4 33
5 32
4 33
5 32
4 33
5 32
4 33
5 32
4 33
5 32
4 33
5 32
4 33
5 32
4 33
5 32
4 33
5 32
4 33
5 32
4 33
5 32
4 33
5 32
4 33
5 32
4 33
5 32
4 33
5 32
4 33
5 32
4 33
5 32
4 33
5 32
4 33
5 32
4 33
5 32
4 33
5 32
4 33
5 32
4 33
5 32
4 33
5 32
4 33
5 32
4 33
5 32
4 33
5 32
4 33
5 32
4 33
5 32
4 33
5 32
4 33
5 32
4 33
5 32
4 33
5 32
4 33
5 32
4 33
5 32
4 33
5 32
4 33
5 32
4 33
5 32
4 33
5 32
4 33
5 32
4 33
5 32
4 33
5 32
4 33
5 32
4 33
5 32
4 33
5 32
4 33
5 32
4 33
5 32
4 33
5 32
4 33
5 32
4 33
5 32
4 33
5 32
4 33
5 32
4 33
5 32
4 33
5 32
4 33
5 32
4 33
5 32
4 33
5 32
4 33
5 32
4 33
5 32
4 33
5 32
4 33
5 32
4 33
5 32
4 33
5 32
4 33
5 32
4 33
5 32
4 33
5 32
4 33
5 32
4 33
5 32
4 33
5 32
4 33
5 32
4 33
5 32
4 33
5 32
4 33
5 32
4 33
5 32
4 33
5 32
4 33
5 32
4 33
5 32
4 33
5 32
4 33
5 32
4 33
5 32
4 33
5 32
4 33
5 32
4 33
5 32
4 33
5 32
4 33
5 32
4 33
5 32
4 33
5 32
4 33
5 32
4 33
5 32
4 33
5 32
4 33
5 32
4 33
5 32
4 33
5 32
4 33
5 32
4 33
5 32
4 33
5 32
4 33
5 32
4 33
5 32
4 33
5 32
4 33
5 32
4 33
5 32
4 33
5 32
4 33
5 32
4 33
5 32
4 33
5 32
4 33
5 32
4 33
5 32
4 33
5 32
4 33
5 32
4 33
5 32
4 33
5 32
4 33
5 32
4 33
5 32
4 33
5 32
4 33
5 32
4 33
5 32
4 33
5 32
4 33
5 32
4 33
5 32
4 33
5 32
4 33
5 32
4 33
5 32
4 33
5 32
4 33
5 32
4 33
5 32
4 33
5 32
4 33
5 32
4 33
5 32
4 33
5 32
4 33
5 32
4 33
5 32
4 33
5 32
4 33
5 32
4 33
5 32
4 33
5 32
4 33
5 32
4 33
5 32
4 33
5 32
4 33
5 32
4 33
5 32
4 33
5 32
4 33
5 32
4 33
5 32
4 33
5 32
4 33
5 32
4 33
5 32
4 33
5 32
4 33
5 32
4 33
5 32
4 33
5 32
4 33
5 32
4 33
5 32
4 33
5 32
4 33
5 32
4 33
5 32
4 33
5 32
4 33
5 32
4 33
5 32
4 33
5 32
4 33
5 32
4 33
5 32
4 33
5 32
4 33
5 32
4 33
3 33
3 33
3 33
3 33
3 33
3 33
3 33
3 33
3 33
3 33
3 33
3 33
3 33
3 33
3 33
3 33
3 33
3 33
3 33
3 33
3 33
3 33
3 33
3 33
3 33
3 33
3 33
3 33
3 33
3 33
3 33
3 33
3 33
3 33
3 33
3 33
3 33
3 33
3 33
3 33
3 33
3 33
3 33
3 33
3 33
3 33
3 33
3 33
3 33
3 33
3 33
3 33
3 33
3 33
3 33
3 33
3 33
3 33
3 33
3 33
3 33
3 33
3 33
3 33
3 33
3 33
3 33
3 33
3 33
3 33
3 33
3 33
3 33
3 33
3 33
3 33
3 33
3 33
3 33
3 33
3 33
3 33
3 33
3 33
3 33
3 33
3 33
3 33
3 33
3 33
3 33
3 33
3 33
3 33
3 33
3 33
3 33
3 33
3 33
3 33
3 33
3 33
3 33
3 33
3 33
3 33
3 33
3 33
3 33
3 33
3 33
3 33
3 33
3 33
3 33
3 33
3 33
3 33
3 33
3 33
3 33
3 33
3 33
3 33
3 33
3 33
3 33
3 33
3 33
3 33
3 33
3 33
3 33
3 33
3 33
3 33
3 33
3 33
3 33
3 33
3 33
3 33
3 33
3 33
3 33
3 33
3 33
3 33
3 33
3 33
3 33
3 33
3 33
3 33
3 33
3 33
3 33
3 33
3 33
3 33
3 33
3 33
3 33
3 33
3 33
3 33
3 33
3 33
3 33
3 33
3 33
3 33
3 33
3 33
3 33
3 33
3 33
3 33
3 33
3 33
3 33
3 33
3 33
3 33
3 33
3 33
3 33
3 33
3 33
3 33
3 33
3 33
3 33
3 33
3 33
3 33
3 33
3 33
3 33
3 33
3 33
3 33
3 33
3 33
3 33
3 33
3 33
3 33
3 33
3 33
3 33
3 33
3 33
3 33
3 33
3 33
3 33
3 33
3 33
3 33
3 33
3 33
3 33
3 33
3 33
3 33
3 33
3 33
3 33
3 33
3 33
3 33
3 33
3 33
3 33
3 33
3 33
3 33
3 33
3 33
3 33
3 33
3 33
3 33
3 33
3 33
3 33
3 33
3 33
3 33
3 33
3 33
3 33
3 33
3 33
3 33
3 33
3 33
3 33
3 33
3 33
3 33
3 33
3 33
3 33
3 33
3 33
3 33
3 33
3 33
3 33
3 33
3 33
3 33
3 33
3 33
3 33
3 33
3 33
3 33
3 33
3 33
3 33
3 33
3 33
3 33
3 33
3 33
3 33
3 33
3 33
3 33
3 33
3 33
3 33
3 33
3 33
3 33
3 33
3 33
3 33
3 33
3 33
3 33
3 33
3 33
3 33
3 33
3 33
3 33
3 33
3 33
3 33
3 33
3 33
3 33
3 33
3 33
3 33
3 33
3 33
3 33
3 33
3 33
3 33
3 33
3 33
3 33
3 33
3 33
3 33
3 33
3 33
3 33
3 33
3 33
6 32
6 32
6 32
6 32
6 32
6 32
6 32
6 32
6 32
6 32
6 32
6 32
6 32
6 32
6 32
6 32
6 32
6 32
6 32
6 32
6 32
6 32
6 32
6 32
6 32
6 32
6 32
6 32
6 32
6 32
6 32
6 32
6 32
6 32
6 32
6 32
6 32
6 32
6 32
6 32
6 32
6 32
6 32
6 32
6 32
6 32
6 32
6 32
6 32
6 32
6 32
6 32
6 32
6 32
6 32
6 32
6 32
6 32
6 32
6 32
6 32
6 32
6 32
6 32
6 32
6 32
6 32
6 32
6 32
6 32
6 32
6 32
6 32
6 32
6 32
6 32
6 32
6 32
6 32
6 32
6 32
6 32
6 32
6 32
6 32
6 32
6 32
6 32
6 32
6 32
6 32
6 32
6 32
6 32
6 32
6 32
6 32
6 32
6 32
6 32
6 32
6 32
6 32
6 32
6 32
6 32
6 32
6 32
6 32
6 32
6 32
6 32
6 32
6 32
6 32
6 32
6 32
6 32
6 32
6 32
6 32
6 32
6 32
6 32
6 32
6 32
6 32
6 32
6 32
6 32
6 32
6 32
6 32
6 32
6 32
6 32
6 32
6 32
6 32
6 32
6 32
6 32
6 32
6 32
6 32
6 32
6 32
6 32
6 32
6 32
6 32
6 32
6 32
6 32
6 32
6 32
6 32
6 32
6 32
6 32
6 32
6 32
6 32
6 32
6 32
6 32
6 32
6 32
3 32
2 33
3 32
2 33
3 32
2 33
3 32
2 33
3 32
2 33
3 32
2 33
3 32
2 33
3 32
2 33
3 32
2 33
3 32
2 33
3 32
2 33
3 32
2 33
3 32
2 33
3 32
2 33
3 32
2 33
3 32
2 33
3 32
2 33
3 32
2 33
3 32
2 33
3 32
2 33
3 32
2 33
3 32
2 33
3 32
2 33
3 32
2 33
3 32
2 33
3 32
2 33
3 32
2 33
3 32
2 33
3 32
2 33
3 32
2 33
3 32
2 33
3 32
2 33
3 32
2 33
3 32
2 33
3 32
2 33
3 32
2 33
3 32
2 33
3 32
2 33
3 32
2 33
3 32
2 33
3 32
2 33
3 32
2 33
3 32
2 33
3 32
2 33
3 32
2 33
3 32
2 33
3 32
2 33
3 32
2 33
3 32
2 33
3 32
2 33
3 32
2 33
3 32
2 33
3 32
2 33
3 32
2 33
3 32
2 33
3 32
2 33
3 32
2 33
3 32
2 33
3 32
2 33
3 32
2 33
3 32
2 33
3 32
2 33
3 32
2 33
3 32
2 33
3 32
2 33
3 32
2 33
3 32
2 33
3 32
2 33
3 32
2 33
3 32
2 33
3 32
2 33
3 32
2 33
3 32
2 33
3 32
2 33
3 32
2 33
3 32
2 33
3 32
2 33
3 32
2 33
3 32
2 33
3 32
2 33
3 32
2 33
3 32
2 33
3 32
2 33
3 32
2 33
3 32
2 33
3 32
2 33
3 32
2 33
3 32
2 33
3 32
2 33
3 32
2 33
3 32
2 33
3 32
2 33
3 32
2 33
3 32
2 33
3 32
2 33
3 32
2 33
3 32
2 33
3 32
2 33
3 32
2 33
3 32
2 33
3 32
2 33
3 32
2 33
3 32
2 33
3 32
2 33
3 32
2 33
3 32
2 33
3 32
2 33
3 32
2 33
3 32
2 33
3 32
2 33
3 32
2 33
3 32
2 33
3 32
2 33
3 32
2 33
3 32
2 33
3 32
2 33
3 32
2 33
3 32
2 33
3 32
2 33
3 32
2 33
3 32
2 33
3 32
2 33
3 32
2 33
3 32
2 33
3 32
2 33
3 32
2 33
3 32
2 33
3 32
2 33
3 32
2 33
3 32
2 33
3 32
2 33
3 32
2 33
3 32
2 33
3 32
2 33
3 32
2 33
3 32
2 33
3 32
2 33
3 32
2 33
3 32
2 33
3 32
2 33
3 32
2 33
3 32
2 33
3 32
2 33
3 32
2 33
3 32
2 33
3 32
2 33
3 32
2 33
3 32
2 33
3 32
2 33
3 32
2 33
3 32
2 33
3 32
2 33
3 32
2 33
3 32
2 33
3 32
2 33
3 32
2 33
3 32
2 33
3 32
2 33
3 32
2 33
3 32
2 33
3 32
2 33
3 32
2 33
3 32
2 33
3 32
2 33
3 32
2 33
3 32
2 33
3 32
2 33
3 32
2 33
3 32
2 33
3 32
2 33
3 32
2 33
3 32
2 33
3 32
2 33
3 32
2 33
3 32
2 33
3 32
2 33
3 32
2 33
3 32
2 33
3 32
2 33
3 32
2 33
3 32
2 33
3 32
2 33
3 32
2 33
3 32
2 33
3 32
2 33
3 32
2 33
3 32
2 33
3 32
2 33
3 32
2 33
3 32
2 33
3 32
2 33
3 32
2 33
3 32
2 33
3 32
2 33
3 32
2 33
3 32
2 33
3 32
2 33
3 32
2 33
3 32
2 33
3 32
2 33
3 32
2 33
3 32
2 33
3 32
2 33
3 32
2 33
3 32
2 33
3 32
2 33
3 32
2 33
3 32
2 33
3 32
2 33
3 32
2 33
3 32
2 33
3 32
2 33
3 32
2 33
3 32
2 33
3 32
2 33
3 32
2 33
3 32
2 33
3 32
2 33
3 32
2 33
3 32
2 33
3 32
2 33
3 32
2 33
3 32
2 33
3 32
2 33
3 32
2 33
3 32
2 33
3 32
2 33
3 32
2 33
3 32
2 33
3 32
2 33
3 32
2 33
3 32
2 33
3 32
2 33
3 32
2 33
3 32
2 33
3 32
2 33
3 32
2 33
3 32
2 33
3 32
2 33
3 32
2 33
3 32
2 33
3 32
2 33
3 32
2 33
3 32
2 33
3 32
2 33
3 32
2 33
3 32
2 33
3 32
2 33
3 32
2 33
3 32
2 33
3 32
2 33
3 32
2 33
3 32
2 33
3 32
2 33
3 32
2 33
3 32
2 33
3 32
2 33
3 32
2 33
3 32
2 33
3 32
2 33
3 32
2 33
3 32
2 33
3 32
2 33
3 32
2 33
3 32
2 33
3 32
2 33
3 32
2 33
3 32
2 33
3 32
2 33
3 32
2 33
3 32
2 33
3 32
2 33
3 32
2 33
3 32
2 33
3 32
2 33
3 32
2 33
3 32
2 33
3 32
2 33
3 32
2 33
3 32
2 33
3 32
2 33
3 32
2 33
3 32
2 33
3 32
2 33
3 32
2 33
3 32
2 33
3 32
2 33
3 32
2 33
3 32
2 33
3 32
2 33
3 32
2 33
3 32
2 33
3 32
2 33
3 32
2 33
3 32
2 33
3 32
2 33
3 32
2 33
3 32
2 33
3 32
2 33
3 32
2 33
3 32
2 33
3 32
2 33
3 32
2 33
3 32
2 33
3 32
2 33
3 32
2 33
3 32
2 33
3 32
2 33
3 32
2 33
3 32
2 33
3 32
2 33
3 32
2 33
3 32
2 33
3 32
2 33
3 32
2 33
3 32
2 33
3 32
2 33
3 32
2 33
3 32
2 33
3 32
2 33
3 32
2 33
3 32
2 33
3 32
2 33
3 32
2 33
3 32
2 33
3 32
2 33
3 32
2 33
3 32
2 33
3 32
2 33
3 32
2 33
3 32
2 33
3 32
2 33
3 32
2 33
3 32
2 33
3 32
2 33
3 32
2 33
2 34
1 33
2 34
1 33
2 34
1 33
2 34
1 33
2 34
1 33
2 34
1 33
2 34
1 33
2 34
1 33
2 34
1 33
2 34
1 33
2 34
1 33
2 34
1 33
2 34
1 33
2 34
1 33
2 34
1 33
2 34
1 33
2 34
1 33
2 34
1 33
2 34
1 33
2 34
1 33
2 34
1 33
2 34
1 33
2 34
1 33
2 34
1 33
2 34
1 33
2 34
1 33
2 34
1 33
2 34
1 33
2 34
1 33
2 34
1 33
2 34
1 33
2 34
1 33
2 34
1 33
2 34
1 33
2 34
1 33
2 34
1 33
2 34
1 33
2 34
1 33
2 34
1 33
2 34
1 33
2 34
1 33
2 34
1 33
2 34
1 33
2 34
1 33
2 34
1 33
2 34
1 33
2 34
1 33
2 34
1 33
2 34
1 33
2 34
1 33
2 34
1 33
2 34
1 33
2 34
1 33
2 34
1 33
2 34
1 33
2 34
1 33
2 34
1 33
2 34
1 33
2 34
1 33
2 34
1 33
2 34
1 33
2 34
1 33
2 34
1 33
2 34
1 33
2 34
1 33
2 34
1 33
2 34
1 33
2 34
1 33
2 34
1 33
2 34
1 33
2 34
1 33
2 34
1 33
2 34
1 33
2 34
1 33
2 34
1 33
2 34
1 33
2 34
1 33
2 34
1 33
2 34
1 33
2 34
1 33
2 34
1 33
2 34
1 33
2 34
1 33
2 34
1 33
2 34
1 33
2 34
1 33
2 34
1 33
2 34
1 33
2 34
1 33
2 34
1 33
2 34
1 33
2 34
1 33
2 34
1 33
2 34
1 33
2 34
1 33
2 34
1 33
2 34
1 33
2 34
1 33
2 34
1 33
2 34
1 33
2 34
1 33
2 34
1 33
2 34
1 33
2 34
1 33
2 34
1 33
2 34
1 33
2 34
1 33
2 34
1 33
2 34
1 33
2 34
1 33
2 34
1 33
2 34
1 33
2 34
1 33
2 34
1 33
2 34
1 33
2 34
1 33
2 34
1 33
2 34
1 33
2 34
1 33
2 34
1 33
2 34
1 33
2 34
1 33
2 34
1 33
2 34
1 33
2 34
1 33
2 34
1 33
2 34
1 33
2 34
1 33
2 34
1 33
2 34
1 33
2 34
1 33
2 34
1 33
2 34
1 33
2 34
1 33
2 34
1 33
2 34
1 33
2 34
1 33
2 34
1 33
2 34
1 33
2 34
1 33
2 34
1 33
2 34
1 33
2 34
1 33
2 34
1 33
2 34
1 33
2 34
1 33
2 34
1 33
2 34
1 33
2 34
1 33
2 34
1 33
2 34
1 33
2 34
1 33
2 34
1 33
2 34
1 33
2 34
1 33
2 34
1 33
2 34
1 33
2 34
1 33
2 34
1 33
2 34
1 33
2 34
1 33
2 34
1 33
2 34
1 33
2 34
1 33
2 34
1 33
2 34
1 33
2 34
1 33
2 34
1 33
2 34
1 33
2 34
1 33
2 34
1 33
2 34
1 33
2 34
1 33
2 34
1 33
2 34
1 33
2 34
1 33
2 34
1 33
2 34
1 33
2 34
1 33
2 34
1 33
2 34
1 33
2 34
1 33
2 34
1 33
2 34
1 33
2 34
1 33
2 34
1 33
2 34
1 33
2 34
1 33
2 34
1 33
2 34
1 33
2 34
1 33
2 34
1 33
2 34
1 33
2 34
1 33
2 34
1 33
2 34
1 33
2 34
1 33
2 34
1 33
2 34
1 33
2 34
1 33
2 34
1 33
2 34
1 33
2 34
1 33
2 34
1 33
2 34
1 33
2 34
1 33
2 34
1 33
2 34
1 33
2 34
1 33
2 34
1 33
2 34
1 33
2 34
1 33
2 34
1 33
2 34
1 33
2 34
1 33
2 34
1 33
2 34
1 33
2 34
1 33
2 34
1 33
2 34
1 33
2 34
1 33
2 34
1 33
2 34
1 33
2 34
1 33
2 34
1 33
2 34
1 33
2 34
1 33
2 34
1 33
2 34
1 33
2 34
1 33
2 34
1 33
2 34
1 33
2 34
1 33
2 34
1 33
2 34
1 33
2 34
1 33
2 34
1 33
2 34
1 33
2 34
1 33
2 34
1 33
2 34
1 33
2 34
1 33
2 34
1 33
2 34
1 33
2 34
1 33
2 34
1 33
2 34
1 33
2 34
1 33
2 34
1 33
2 34
1 33
2 34
1 33
2 34
1 33
2 34
1 33
2 34
1 33
2 34
1 33
2 34
1 33
2 34
1 33
2 34
1 33
2 34
1 33
2 34
1 33
2 34
1 33
2 34
1 33
2 34
1 33
2 34
1 33
2 34
1 33
2 34
1 33
2 34
1 33
2 34
1 33
2 34
1 33
2 34
1 33
2 34
1 33
2 34
1 33
2 34
1 33
2 34
1 33
2 34
1 33
2 34
1 33
2 34
1 33
2 34
1 33
2 34
1 33
2 34
1 33
2 34
1 33
2 34
1 33
2 34
1 33
2 34
1 33
2 34
1 33
2 34
1 33
2 34
1 33
2 34
1 33
2 34
1 33
2 34
1 33
2 34
1 33
2 34
1 33
2 34
1 33
2 34
1 33
2 34
1 33
2 34
1 33
2 34
1 33
2 34
1 33
2 34
1 33
2 34
1 33
2 34
1 33
2 34
1 33
2 34
1 33
2 34
1 33
2 34
1 33
2 34
1 33
2 34
1 33
2 34
1 33
2 34
1 33
2 34
1 33
2 34
1 33
2 34
1 33
2 34
1 33
2 34
1 33
2 34
1 33
2 34
1 33
2 34
1 33
2 34
1 33
2 34
1 33
2 34
1 33
2 34
1 33
2 34
1 33
2 34
1 33
2 34
1 33
2 34
1 33
2 34
1 33
2 34
1 33
2 34
1 33
2 34
1 33
2 34
1 33
2 34
1 33
2 34
1 33
2 34
1 33
2 34
1 33
2 34
1 33
2 34
1 33
1 34
1 34
1 34
1 34
1 34
1 34
1 34
1 34
1 34
1 34
1 34
1 34
1 34
1 34
1 34
1 34
1 34
1 34
1 34
1 34
1 34
1 34
1 34
1 34
1 34
1 34
1 34
1 34
1 34
1 34
1 34
1 34
1 34
1 34
1 34
1 34
1 34
1 34
1 34
1 34
1 34
1 34
1 34
1 34
1 34
1 34
1 34
1 34
1 34
1 34
1 34
1 34
1 34
1 34
1 34
1 34
1 34
1 34
1 34
1 34
1 34
1 34
1 34
1 34
1 34
1 34
1 34
1 34
1 34
1 34
1 34
1 34
1 34
1 34
1 34
1 34
1 34
1 34
1 34
1 34
1 34
1 34
1 34
1 34
1 34
1 34
1 34
1 34
1 34
1 34
1 34
1 34
1 34
1 34
1 34
1 34
1 34
1 34
1 34
1 34
1 34
1 34
1 34
1 34
1 34
1 34
1 34
1 34
1 34
1 34
1 34
1 34
1 34
1 34
1 34
1 34
1 34
1 34
1 34
1 34
1 34
1 34
1 34
1 34
1 34
1 34
1 34
1 34
1 34
1 34
1 34
1 34
1 34
1 34
1 34
1 34
1 34
1 34
1 34
1 34
1 34
1 34
1 34
1 34
1 34
1 34
1 34
1 34
1 34
1 34
1 34
1 34
1 34
1 34
1 34
1 34
1 34
1 34
1 34
1 34
1 34
1 34
1 34
1 34
1 34
1 34
1 34
1 34
1 34
1 34
1 34
1 34
1 34
1 34
1 34
1 34
1 34
1 34
1 34
1 34
1 34
1 34
1 34
1 34
1 34
1 34
1 34
1 34
1 34
1 34
1 34
1 34
1 34
1 34
1 34
1 34
1 34
1 34
1 34
1 34
1 34
1 34
1 34
1 34
1 34
1 34
1 34
1 34
1 34
1 34
1 34
1 34
1 34
1 34
1 34
1 34
1 34
1 34
1 34
1 34
1 34
1 34
1 34
1 34
1 34
1 34
1 34
1 34
1 34
1 34
1 34
1 34
1 34
1 34
1 34
1 34
1 34
1 34
1 34
1 34
1 34
1 34
1 34
1 34
1 34
1 34
1 34
1 34
1 34
1 34
1 34
1 34
1 34
1 34
1 34
1 34
1 34
1 34
1 34
1 34
1 34
1 34
1 34
1 34
1 34
1 34
1 34
1 34
1 34
1 34
1 34
1 34
1 34
1 34
1 34
1 34
1 34
1 34
1 34
1 34
1 34
1 34
1 34
1 34
1 34
1 34
1 34
1 34
1 34
1 34
1 34
1 34
1 34
1 34
1 34
1 34
1 34
1 34
1 34
1 34
1 34
1 34
1 34
1 34
1 34
1 34
1 34
1 34
1 34
1 34
1 34
1 34
1 34
1 34
1 34
1 34
1 34
1 34
1 34
1 34
1 34
1 34
1 34
1 34
1 34
1 34
1 34
1 34
1 34
1 34
1 34
1 34
1 34
1 34
1 34
1 34
1 34
1 34
1 34
1 34
1 34
1 34
1 34
1 34
1 34
1 34
1 34
1 34
1 34
1 34
1 34
1 34
1 34
1 34
1 34
1 34
1 34
1 34
1 34
1 34
1 34
1 34
1 34
1 34
1 34
1 34
1 34
1 34
1 34
1 34
1 34
1 34
1 34
1 34
1 34
1 34
1 34
1 34
1 34
1 34
1 34
1 34
1 34
1 34
1 34
1 34
1 34
1 34
1 34
1 34
1 34
1 34
1 34
1 34
1 34
1 34
1 34
1 34
1 34
1 34
1 34
1 34
1 34
1 34
1 34
1 34
1 34
1 34
1 34
1 34
1 34
1 34
1 34
1 34
1 34
1 34
1 34
1 34
1 34
1 34
1 34
1 34
1 34
1 34
1 34
1 34
1 34
1 34
1 34
1 34
1 34
1 34
1 34
1 34
1 34
1 34
1 34
1 34
1 34
1 34
1 34
1 34
1 34
1 34
1 34
1 34
1 34
1 34
1 34
1 34
1 34
1 34
1 34
1 34
1 34
1 34
1 34
1 34
1 34
1 34
1 34
1 34
1 34
1 34
1 34
1 34
1 34
1 34
1 34
1 34
1 34
1 34
1 34
1 34
1 34
1 34
1 34
1 34
1 34
1 34
1 34
1 34
1 34
1 34
1 34
1 34
1 34
1 34
1 34
1 34
1 34
1 34
1 34
1 34
1 34
1 34
1 34
1 34
1 34
1 34
1 34
1 34
1 34
1 34
1 34
1 34
1 34
1 34
1 34
1 34
1 34
1 34
1 34
1 34
1 34
1 34
1 34
1 34
1 34
1 34
1 34
1 34
1 34
1 34
1 34
1 34
1 34
1 34
1 34
1 34
1 34
1 34
1 34
1 34
1 34
1 34
1 34
1 34
1 34
1 34
1 34
1 34
1 34
1 34
1 34
1 34
1 34
1 34
1 34
1 34
1 34
1 34
1 34
1 34
1 34
1 34
1 34
1 34
1 34
1 34
1 34
1 34
1 34
1 34
1 34
1 34
1 34
1 34
1 34
1 34
1 34
1 34
1 34
1 34
1 34
1 34
1 34
1 34
1 34
1 34
1 34
1 34
1 34
1 34
1 34
1 34
1 34
1 34
1 34
1 34
1 34
1 34
1 34
1 34
1 34
1 34
1 34
1 34
1 34
1 34
1 34
1 34
1 34
1 34
1 34
1 34
1 34
1 34
1 34
1 34
1 34
1 34
1 34
1 34
1 34
1 34
1 34
1 34
1 34
1 34
1 34
1 34
1 34
1 34
1 34
1 34
1 34
1 34
1 34
1 34
1 34
1 34
1 34
1 34
1 34
1 34
1 34
1 34
1 34
1 34
1 34
1 34
1 34
1 34
1 34
1 34
1 34
1 34
1 34
1 34
1 34
1 34
1 34
1 34
1 34
1 34
1 34
1 34
1 34
1 34
1 34
1 34
1 34
1 34
1 34
1 34
1 34
1 34
1 34
1 34
1 34
1 34
0
