105
10 28
10 27
10 26
10 25
9 25
8 25
7 25
6 25
5 25
4 25
3 25
2 25
1 25
1 24
1 23
2 23
3 23
9 27
8 27
7 27
6 27
5 27
4 27
3 27
2 27
1 27
11 25
11 24
11 23
11 22
11 21
11 20
11 19
11 18
11 17
11 16
11 15
11 14
11 13
11 12
11 11
11 10
10 10
10 9
9 9
8 9
7 9
6 9
5 9
4 9
3 9
2 9
1 9
1 8
1 7
2 7
3 7
11 9
11 8
11 7
10 7
9 7
8 7
7 7
6 7
5 7
4 7
10 6
10 5
9 5
8 5
7 5
6 5
5 5
4 5
3 5
2 5
1 5
1 4
1 3
2 3
3 3
4 3
11 6
11 5
11 4
11 3
10 3
9 3
8 3
7 3
6 3
5 3
10 2
10 1
9 1
8 1
7 1
6 1
5 1
4 1
3 1
2 1
1 1
1 0
40
10 28
10 27
10 26
10 25
11 25
11 24
11 23
11 22
11 21
11 20
11 19
11 18
11 17
11 16
11 15
11 14
11 13
11 12
11 11
11 10
11 9
11 8
11 7
11 6
11 5
11 4
11 3
10 3
10 2
10 1
9 1
8 1
7 1
6 1
5 1
4 1
3 1
2 1
1 1
1 0
