177
10 28
10 27
10 26
10 25
9 28
9 27
9 25
11 28
11 27
11 26
8 28
8 27
11 25
8 25
11 24
11 23
11 22
11 21
11 20
11 19
11 18
7 28
7 27
10 23
7 25
11 17
10 22
10 21
11 16
10 19
11 15
10 18
11 14
10 17
9 23
11 13
6 28
6 27
9 21
10 15
6 25
9 19
11 12
10 14
9 17
10 13
11 11
9 15
8 23
8 21
11 10
10 11
8 19
9 13
5 28
5 27
5 25
8 17
10 10
11 9
8 15
9 11
10 9
8 13
7 23
11 8
7 21
7 19
7 17
8 11
9 9
7 15
4 28
4 27
4 25
11 7
7 13
8 9
10 7
7 11
6 23
6 21
9 7
6 19
11 6
6 17
6 15
7 9
10 6
8 7
6 13
3 28
3 27
3 25
6 11
11 5
7 7
6 9
10 5
5 23
5 21
5 19
9 5
5 17
5 15
5 13
6 7
8 5
5 11
11 4
7 5
5 9
2 28
2 27
2 25
5 7
6 5
4 23
4 21
4 19
4 17
4 15
4 13
4 11
5 5
11 3
4 9
10 3
9 3
4 7
8 3
7 3
4 5
6 3
1 25
1 24
1 23
1 27
1 28
5 3
3 23
3 21
3 19
3 17
3 15
3 13
3 11
11 2
3 9
10 2
4 3
3 7
3 5
3 3
2 23
2 21
2 19
2 17
2 15
2 13
2 11
11 1
2 9
10 1
9 1
2 7
8 1
7 1
2 5
6 1
5 1
2 3
4 1
3 1
2 1
1 1
1 0
40
10 28
10 27
10 26
10 25
11 25
11 24
11 23
11 22
11 21
11 20
11 19
11 18
11 17
11 16
11 15
11 14
11 13
11 12
11 11
11 10
11 9
11 8
11 7
11 6
11 5
11 4
11 3
10 3
10 2
10 1
9 1
8 1
7 1
6 1
5 1
4 1
3 1
2 1
1 1
1 0
