192
10 28
11 28
11 27
11 26
11 25
11 24
11 23
11 22
11 21
11 20
11 19
11 18
11 17
11 16
11 15
11 14
11 13
11 12
11 11
11 10
11 9
11 8
11 7
11 6
11 5
11 4
11 3
11 2
11 1
10 1
10 2
10 3
9 3
8 3
7 3
6 3
5 3
4 3
3 3
2 3
1 3
1 4
1 5
2 5
3 5
4 5
5 5
6 5
7 5
8 5
9 5
10 5
10 6
10 7
9 7
8 7
7 7
6 7
5 7
4 7
3 7
2 7
1 7
1 8
1 9
2 9
3 9
4 9
5 9
6 9
7 9
8 9
9 9
10 9
10 10
10 11
9 11
8 11
7 11
6 11
5 11
4 11
3 11
2 11
1 11
1 12
1 13
2 13
3 13
4 13
5 13
6 13
7 13
8 13
9 13
10 13
10 14
10 15
9 15
8 15
7 15
6 15
5 15
4 15
3 15
2 15
1 15
1 16
1 17
2 17
3 17
4 17
5 17
6 17
7 17
8 17
9 17
10 17
10 18
10 19
9 19
8 19
7 19
6 19
5 19
4 19
3 19
2 19
1 19
1 20
1 21
2 21
3 21
4 21
5 21
6 21
7 21
8 21
9 21
10 21
10 22
10 23
9 23
8 23
7 23
6 23
5 23
4 23
3 23
2 23
1 23
1 24
1 25
2 25
3 25
4 25
5 25
6 25
7 25
8 25
9 25
10 25
10 26
10 27
9 27
9 28
8 28
8 27
7 27
7 28
6 28
6 27
5 27
5 28
4 28
4 27
3 27
3 28
2 28
2 27
1 27
1 28
9 1
8 1
7 1
6 1
5 1
4 1
3 1
2 1
1 1
1 0
40
10 28
11 28
11 27
11 26
11 25
11 24
11 23
11 22
11 21
11 20
11 19
11 18
11 17
11 16
11 15
11 14
11 13
11 12
11 11
11 10
11 9
11 8
11 7
11 6
11 5
11 4
11 3
11 2
11 1
10 1
9 1
8 1
7 1
6 1
5 1
4 1
3 1
2 1
1 1
1 0
