1321
10 28
11 28
10 27
9 28
9 27
8 28
11 27
10 26
9 27
11 27
8 27
7 28
8 27
8 27
11 26
10 25
11 26
11 26
7 27
6 28
7 27
7 27
7 27
11 25
9 25
11 25
11 25
11 25
6 27
5 28
6 27
6 27
6 27
6 27
8 25
11 24
11 24
11 24
11 24
5 27
4 28
5 27
5 27
5 27
5 27
5 27
7 25
11 23
11 23
11 23
11 23
4 27
3 28
4 27
4 27
4 27
4 27
4 27
4 27
6 25
11 22
10 23
11 22
10 23
11 22
10 23
11 22
10 23
3 27
2 28
3 27
3 27
3 27
3 27
3 27
3 27
3 27
5 25
10 22
9 23
10 22
9 23
10 22
9 23
10 22
9 23
11 21
10 22
11 21
10 22
11 21
10 22
11 21
10 22
2 27
1 28
2 27
2 27
2 27
2 27
2 27
2 27
2 27
2 27
4 25
8 23
8 23
8 23
8 23
10 21
10 21
10 21
10 21
10 21
10 21
10 21
10 21
11 20
10 21
11 20
10 21
11 20
10 21
11 20
10 21
1 27
1 27
1 27
1 27
1 27
1 27
1 27
1 27
1 27
1 27
3 25
7 23
7 23
7 23
7 23
9 21
9 21
9 21
9 21
9 21
9 21
9 21
9 21
9 21
9 21
9 21
9 21
11 19
11 19
11 19
11 19
2 25
6 23
6 23
6 23
6 23
8 21
8 21
8 21
8 21
8 21
8 21
8 21
8 21
8 21
8 21
8 21
8 21
11 18
10 19
11 18
10 19
11 18
10 19
11 18
10 19
1 25
5 23
5 23
5 23
5 23
7 21
7 21
7 21
7 21
7 21
7 21
7 21
7 21
7 21
7 21
7 21
7 21
10 18
9 19
10 18
9 19
10 18
9 19
10 18
9 19
11 17
10 18
11 17
10 18
11 17
10 18
11 17
10 18
1 24
4 23
4 23
4 23
4 23
6 21
6 21
6 21
6 21
6 21
6 21
6 21
6 21
6 21
6 21
6 21
6 21
8 19
8 19
8 19
8 19
10 17
10 17
10 17
10 17
10 17
10 17
10 17
10 17
11 16
10 17
11 16
10 17
11 16
10 17
11 16
10 17
1 23
3 23
3 23
3 23
3 23
5 21
5 21
5 21
5 21
5 21
5 21
5 21
5 21
5 21
5 21
5 21
5 21
7 19
7 19
7 19
7 19
9 17
9 17
9 17
9 17
9 17
9 17
9 17
9 17
9 17
9 17
9 17
9 17
11 15
11 15
11 15
11 15
2 23
2 23
2 23
2 23
2 23
4 21
4 21
4 21
4 21
4 21
4 21
4 21
4 21
4 21
4 21
4 21
4 21
6 19
6 19
6 19
6 19
8 17
8 17
8 17
8 17
8 17
8 17
8 17
8 17
8 17
8 17
8 17
8 17
11 14
10 15
11 14
10 15
11 14
10 15
11 14
10 15
3 21
3 21
3 21
3 21
3 21
3 21
3 21
3 21
3 21
3 21
3 21
3 21
5 19
5 19
5 19
5 19
7 17
7 17
7 17
7 17
7 17
7 17
7 17
7 17
7 17
7 17
7 17
7 17
10 14
9 15
10 14
9 15
10 14
9 15
10 14
9 15
11 13
10 14
11 13
10 14
11 13
10 14
11 13
10 14
2 21
2 21
2 21
2 21
2 21
2 21
2 21
2 21
2 21
2 21
2 21
2 21
4 19
4 19
4 19
4 19
6 17
6 17
6 17
6 17
6 17
6 17
6 17
6 17
6 17
6 17
6 17
6 17
8 15
8 15
8 15
8 15
10 13
10 13
10 13
10 13
10 13
10 13
10 13
10 13
11 12
10 13
11 12
10 13
11 12
10 13
11 12
10 13
1 21
1 21
1 21
1 21
1 21
1 21
1 21
1 21
1 21
1 21
1 21
1 21
3 19
3 19
3 19
3 19
5 17
5 17
5 17
5 17
5 17
5 17
5 17
5 17
5 17
5 17
5 17
5 17
7 15
7 15
7 15
7 15
9 13
9 13
9 13
9 13
9 13
9 13
9 13
9 13
9 13
9 13
9 13
9 13
11 11
11 11
11 11
11 11
1 20
1 20
1 20
1 20
1 20
1 20
1 20
1 20
1 20
1 20
1 20
1 20
2 19
2 19
2 19
2 19
4 17
4 17
4 17
4 17
4 17
4 17
4 17
4 17
4 17
4 17
4 17
4 17
6 15
6 15
6 15
6 15
8 13
8 13
8 13
8 13
8 13
8 13
8 13
8 13
8 13
8 13
8 13
8 13
11 10
10 11
11 10
10 11
11 10
10 11
11 10
10 11
1 19
1 19
1 19
1 19
1 19
1 19
1 19
1 19
1 19
1 19
1 19
1 19
1 19
1 19
1 19
1 19
3 17
3 17
3 17
3 17
3 17
3 17
3 17
3 17
3 17
3 17
3 17
3 17
5 15
5 15
5 15
5 15
7 13
7 13
7 13
7 13
7 13
7 13
7 13
7 13
7 13
7 13
7 13
7 13
10 10
9 11
10 10
9 11
10 10
9 11
10 10
9 11
11 9
10 10
11 9
10 10
11 9
10 10
11 9
10 10
2 17
2 17
2 17
2 17
2 17
2 17
2 17
2 17
2 17
2 17
2 17
2 17
4 15
4 15
4 15
4 15
6 13
6 13
6 13
6 13
6 13
6 13
6 13
6 13
6 13
6 13
6 13
6 13
8 11
8 11
8 11
8 11
10 9
10 9
10 9
10 9
10 9
10 9
10 9
10 9
11 8
10 9
11 8
10 9
11 8
10 9
11 8
10 9
1 17
1 17
1 17
1 17
1 17
1 17
1 17
1 17
1 17
1 17
1 17
1 17
3 15
3 15
3 15
3 15
5 13
5 13
5 13
5 13
5 13
5 13
5 13
5 13
5 13
5 13
5 13
5 13
7 11
7 11
7 11
7 11
9 9
9 9
9 9
9 9
9 9
9 9
9 9
9 9
9 9
9 9
9 9
9 9
11 7
11 7
11 7
11 7
1 16
1 16
1 16
1 16
1 16
1 16
1 16
1 16
1 16
1 16
1 16
1 16
2 15
2 15
2 15
2 15
4 13
4 13
4 13
4 13
4 13
4 13
4 13
4 13
4 13
4 13
4 13
4 13
6 11
6 11
6 11
6 11
8 9
8 9
8 9
8 9
8 9
8 9
8 9
8 9
8 9
8 9
8 9
8 9
11 6
10 7
11 6
10 7
11 6
10 7
11 6
10 7
1 15
1 15
1 15
1 15
1 15
1 15
1 15
1 15
1 15
1 15
1 15
1 15
1 15
1 15
1 15
1 15
3 13
3 13
3 13
3 13
3 13
3 13
3 13
3 13
3 13
3 13
3 13
3 13
5 11
5 11
5 11
5 11
7 9
7 9
7 9
7 9
7 9
7 9
7 9
7 9
7 9
7 9
7 9
7 9
10 6
9 7
10 6
9 7
10 6
9 7
10 6
9 7
11 5
10 6
11 5
10 6
11 5
10 6
11 5
10 6
2 13
2 13
2 13
2 13
2 13
2 13
2 13
2 13
2 13
2 13
2 13
2 13
4 11
4 11
4 11
4 11
6 9
6 9
6 9
6 9
6 9
6 9
6 9
6 9
6 9
6 9
6 9
6 9
8 7
8 7
8 7
8 7
10 5
10 5
10 5
10 5
10 5
10 5
10 5
10 5
11 4
10 5
11 4
10 5
11 4
10 5
11 4
10 5
1 13
1 13
1 13
1 13
1 13
1 13
1 13
1 13
1 13
1 13
1 13
1 13
3 11
3 11
3 11
3 11
5 9
5 9
5 9
5 9
5 9
5 9
5 9
5 9
5 9
5 9
5 9
5 9
7 7
7 7
7 7
7 7
9 5
9 5
9 5
9 5
9 5
9 5
9 5
9 5
9 5
9 5
9 5
9 5
11 3
11 3
11 3
11 3
1 12
1 12
1 12
1 12
1 12
1 12
1 12
1 12
1 12
1 12
1 12
1 12
2 11
2 11
2 11
2 11
4 9
4 9
4 9
4 9
4 9
4 9
4 9
4 9
4 9
4 9
4 9
4 9
6 7
6 7
6 7
6 7
8 5
8 5
8 5
8 5
8 5
8 5
8 5
8 5
8 5
8 5
8 5
8 5
11 2
10 3
11 2
10 3
11 2
10 3
11 2
10 3
1 11
1 11
1 11
1 11
1 11
1 11
1 11
1 11
1 11
1 11
1 11
1 11
1 11
1 11
1 11
1 11
3 9
3 9
3 9
3 9
3 9
3 9
3 9
3 9
3 9
3 9
3 9
3 9
5 7
5 7
5 7
5 7
7 5
7 5
7 5
7 5
7 5
7 5
7 5
7 5
7 5
7 5
7 5
7 5
10 2
9 3
10 2
9 3
10 2
9 3
10 2
9 3
11 1
10 2
11 1
10 2
11 1
10 2
11 1
10 2
2 9
2 9
2 9
2 9
2 9
2 9
2 9
2 9
2 9
2 9
2 9
2 9
4 7
4 7
4 7
4 7
6 5
6 5
6 5
6 5
6 5
6 5
6 5
6 5
6 5
6 5
6 5
6 5
8 3
8 3
8 3
8 3
10 1
10 1
10 1
10 1
10 1
10 1
10 1
10 1
10 1
10 1
10 1
10 1
1 9
1 9
1 9
1 9
1 9
1 9
1 9
1 9
1 9
1 9
1 9
1 9
3 7
3 7
3 7
3 7
5 5
5 5
5 5
5 5
5 5
5 5
5 5
5 5
5 5
5 5
5 5
5 5
7 3
7 3
7 3
7 3
9 1
9 1
9 1
9 1
9 1
9 1
9 1
9 1
9 1
9 1
9 1
9 1
1 8
1 8
1 8
1 8
1 8
1 8
1 8
1 8
1 8
1 8
1 8
1 8
2 7
2 7
2 7
2 7
4 5
4 5
4 5
4 5
4 5
4 5
4 5
4 5
4 5
4 5
4 5
4 5
6 3
6 3
6 3
6 3
8 1
8 1
8 1
8 1
8 1
8 1
8 1
8 1
8 1
8 1
8 1
8 1
1 7
1 7
1 7
1 7
1 7
1 7
1 7
1 7
1 7
1 7
1 7
1 7
1 7
1 7
1 7
1 7
3 5
3 5
3 5
3 5
3 5
3 5
3 5
3 5
3 5
3 5
3 5
3 5
5 3
5 3
5 3
5 3
7 1
7 1
7 1
7 1
7 1
7 1
7 1
7 1
7 1
7 1
7 1
7 1
2 5
2 5
2 5
2 5
2 5
2 5
2 5
2 5
2 5
2 5
2 5
2 5
4 3
4 3
4 3
4 3
6 1
6 1
6 1
6 1
6 1
6 1
6 1
6 1
6 1
6 1
6 1
6 1
1 5
1 5
1 5
1 5
1 5
1 5
1 5
1 5
1 5
1 5
1 5
1 5
3 3
3 3
3 3
3 3
5 1
5 1
5 1
5 1
5 1
5 1
5 1
5 1
5 1
5 1
5 1
5 1
1 4
1 4
1 4
1 4
1 4
1 4
1 4
1 4
1 4
1 4
1 4
1 4
2 3
2 3
2 3
2 3
4 1
4 1
4 1
4 1
4 1
4 1
4 1
4 1
4 1
4 1
4 1
4 1
1 3
1 3
1 3
1 3
1 3
1 3
1 3
1 3
1 3
1 3
1 3
1 3
1 3
1 3
1 3
1 3
3 1
3 1
3 1
3 1
3 1
3 1
3 1
3 1
3 1
3 1
3 1
3 1
2 1
2 1
2 1
2 1
2 1
2 1
2 1
2 1
2 1
2 1
2 1
2 1
1 1
1 1
1 1
1 1
1 1
1 1
1 1
1 1
1 1
1 1
1 1
1 1
1 0
1 0
1 0
1 0
1 0
1 0
1 0
1 0
1 0
1 0
1 0
1 0
40
10 28
10 27
10 26
10 25
11 25
11 24
11 23
11 22
11 21
11 20
11 19
11 18
11 17
11 16
11 15
11 14
11 13
11 12
11 11
11 10
11 9
11 8
11 7
11 6
11 5
11 4
11 3
10 3
10 2
10 1
9 1
8 1
7 1
6 1
5 1
4 1
3 1
2 1
1 1
1 0
