156
16 35
16 34
16 33
16 32
16 31
16 30
16 29
16 28
16 27
15 32
16 26
15 30
16 25
16 24
15 28
16 23
15 26
14 32
16 22
14 30
15 24
14 28
14 26
15 22
13 32
15 21
14 24
13 30
15 20
13 28
15 19
13 26
15 18
13 24
12 32
12 30
15 17
12 28
12 26
15 16
12 24
15 15
11 32
11 30
11 28
15 14
11 26
11 24
16 20
15 13
10 32
10 30
10 28
16 18
15 12
10 26
10 24
15 11
9 32
9 30
9 28
9 26
15 10
9 24
15 9
8 32
8 30
8 28
8 26
8 24
15 8
14 8
13 8
7 32
7 30
7 28
15 7
7 26
7 24
13 7
15 6
6 32
6 30
13 6
6 28
6 26
6 24
15 5
14 5
13 5
13 9
12 5
11 5
5 32
5 30
5 28
5 26
5 24
15 4
11 4
4 32
4 30
4 28
4 26
4 24
15 3
14 3
13 3
12 3
11 3
10 3
9 3
8 3
13 10
11 6
7 3
3 32
3 31
3 30
3 28
3 26
3 24
9 4
2 32
2 30
2 28
2 26
2 24
11 7
7 4
13 11
1 24
1 23
1 22
1 21
1 20
1 19
1 18
1 17
1 16
1 15
1 14
1 13
1 12
1 11
1 10
1 9
1 8
1 7
1 6
1 5
1 4
1 3
1 2
1 1
1 0
51
16 35
16 34
16 33
16 32
16 31
16 30
16 29
16 28
16 27
16 26
16 25
16 24
15 24
14 24
13 24
12 24
11 24
10 24
9 24
8 24
7 24
6 24
5 24
4 24
3 24
2 24
1 24
1 23
1 22
1 21
1 20
1 19
1 18
1 17
1 16
1 15
1 14
1 13
1 12
1 11
1 10
1 9
1 8
1 7
1 6
1 5
1 4
1 3
1 2
1 1
1 0
