273
16 35
16 34
16 33
16 32
15 32
16 31
14 32
16 30
13 32
15 30
16 29
12 32
14 30
16 28
11 32
13 30
15 28
16 27
10 32
12 30
14 28
16 26
9 32
11 30
13 28
15 26
16 25
8 32
10 30
12 28
14 26
16 24
7 32
9 30
11 28
13 26
15 24
16 23
6 32
8 30
10 28
12 26
14 24
16 22
5 32
7 30
9 28
11 26
13 24
15 22
4 32
6 30
8 28
10 26
12 24
15 21
3 32
5 30
7 28
9 26
11 24
15 20
2 32
3 31
4 30
6 28
8 26
10 24
16 20
15 19
1 32
3 30
5 28
7 26
9 24
15 18
1 31
2 30
4 28
6 26
8 24
16 18
15 17
1 30
3 28
5 26
7 24
15 16
1 29
2 28
4 26
6 24
15 15
1 28
3 26
5 24
15 14
1 27
2 26
4 24
15 13
1 26
3 24
15 12
1 25
2 24
15 11
1 24
15 10
1 23
15 9
1 22
15 8
1 21
14 8
15 7
1 20
13 8
15 6
1 19
13 9
13 7
15 5
1 18
13 10
13 6
14 5
15 4
1 17
13 11
13 5
15 3
1 16
13 12
12 5
14 3
2 16
1 15
13 13
11 5
13 3
3 16
1 14
13 14
11 6
11 4
12 3
3 17
3 15
1 13
13 15
11 7
11 3
3 18
4 17
3 14
1 12
13 16
11 8
10 3
3 19
5 17
3 13
1 11
13 17
11 9
9 3
3 20
5 18
6 17
3 12
1 10
13 18
11 10
9 4
8 3
3 21
5 19
7 17
3 11
1 9
13 19
11 11
9 5
7 3
3 22
5 20
7 18
8 17
4 11
3 10
1 8
13 20
11 12
9 6
7 4
5 21
7 19
9 17
5 11
3 9
2 8
1 7
13 21
11 13
9 7
7 5
5 22
7 20
9 18
9 16
5 12
5 10
3 8
1 6
13 22
11 14
9 8
7 6
7 21
9 19
9 15
5 13
5 9
3 7
1 5
11 15
9 9
7 7
7 22
9 20
8 15
9 14
5 14
6 13
5 8
3 6
1 4
11 16
9 10
7 8
9 21
7 15
9 13
5 15
7 13
5 7
3 5
1 3
11 17
9 11
7 9
9 22
6 15
7 14
9 12
7 12
5 6
3 4
1 2
11 18
7 10
7 11
5 5
3 3
1 1
11 19
5 4
3 2
1 0
11 20
5 3
3 1
51
16 35
16 34
16 33
16 32
15 32
14 32
13 32
12 32
11 32
10 32
9 32
8 32
7 32
6 32
5 32
4 32
3 32
2 32
1 32
1 31
1 30
1 29
1 28
1 27
1 26
1 25
1 24
1 23
1 22
1 21
1 20
1 19
1 18
1 17
1 16
1 15
1 14
1 13
1 12
1 11
1 10
1 9
1 8
1 7
1 6
1 5
1 4
1 3
1 2
1 1
1 0
