885
16 35
16 34
16 33
16 32
16 31
15 32
14 32
16 30
13 32
16 29
15 30
12 32
14 30
16 28
11 32
13 30
16 27
15 28
10 32
12 30
14 28
16 26
9 32
11 30
13 28
16 25
15 26
8 32
10 30
12 28
14 26
16 24
7 32
9 30
11 28
13 26
16 23
15 24
6 32
8 30
10 28
12 26
14 24
16 22
5 32
7 30
9 28
11 26
13 24
15 22
4 32
6 30
8 28
10 26
12 24
15 21
3 32
5 30
7 28
9 26
11 24
15 20
3 31
2 32
4 30
6 28
8 26
10 24
16 20
15 19
1 32
3 30
3 30
5 28
7 26
9 24
15 18
1 31
2 30
2 30
4 28
6 26
8 24
16 18
15 17
1 30
1 30
1 30
3 28
5 26
7 24
15 16
1 29
1 29
1 29
2 28
4 26
6 24
15 15
1 28
1 28
1 28
1 28
3 26
5 24
15 14
1 27
1 27
1 27
1 27
2 26
4 24
15 13
1 26
1 26
1 26
1 26
1 26
3 24
15 12
1 25
1 25
1 25
1 25
1 25
2 24
15 11
1 24
1 24
1 24
1 24
1 24
1 24
15 10
1 23
1 23
1 23
1 23
1 23
1 23
15 9
1 22
1 22
1 22
1 22
1 22
1 22
15 8
1 21
1 21
1 21
1 21
1 21
1 21
15 7
14 8
1 20
1 20
1 20
1 20
1 20
1 20
13 8
15 6
1 19
1 19
1 19
1 19
1 19
1 19
13 9
13 7
15 5
1 18
1 18
1 18
1 18
1 18
1 18
13 6
13 10
15 4
14 5
1 17
1 17
1 17
1 17
1 17
1 17
13 5
13 11
13 5
15 3
1 16
1 16
1 16
1 16
1 16
1 16
12 5
12 5
13 12
14 3
2 16
1 15
2 16
1 15
2 16
1 15
2 16
1 15
2 16
1 15
2 16
1 15
11 5
11 5
13 13
13 3
1 14
1 14
1 14
1 14
1 14
1 14
3 16
3 16
3 16
3 16
3 16
3 16
11 6
11 4
11 6
11 4
12 3
13 14
1 13
1 13
1 13
1 13
1 13
1 13
3 17
3 15
3 17
3 15
3 17
3 15
3 17
3 15
3 17
3 15
3 17
3 15
11 3
11 3
11 7
11 7
11 3
13 15
1 12
1 12
1 12
1 12
1 12
1 12
3 14
3 14
3 14
3 14
3 14
3 14
3 18
4 17
3 18
4 17
3 18
4 17
3 18
4 17
3 18
4 17
3 18
4 17
10 3
10 3
10 3
11 8
11 8
13 16
1 11
1 11
1 11
1 11
1 11
1 11
3 13
3 13
3 13
3 13
3 13
3 13
3 19
3 19
3 19
3 19
3 19
3 19
5 17
5 17
5 17
5 17
5 17
5 17
9 3
9 3
9 3
11 9
11 9
13 17
1 10
1 10
1 10
1 10
1 10
1 10
3 12
3 12
3 12
3 12
3 12
3 12
3 20
3 20
3 20
3 20
3 20
3 20
5 18
6 17
5 18
6 17
5 18
6 17
5 18
6 17
5 18
6 17
5 18
6 17
9 4
8 3
9 4
8 3
9 4
8 3
11 10
11 10
13 18
1 9
1 9
1 9
1 9
1 9
1 9
3 11
3 11
3 11
3 11
3 11
3 11
3 21
3 21
3 21
3 21
3 21
3 21
5 19
5 19
5 19
5 19
5 19
5 19
7 17
7 17
7 17
7 17
7 17
7 17
7 3
7 3
7 3
9 5
9 5
9 5
11 11
11 11
13 19
1 8
1 8
1 8
1 8
1 8
1 8
4 11
3 10
4 11
3 10
4 11
3 10
4 11
3 10
4 11
3 10
4 11
3 10
3 22
3 22
3 22
3 22
3 22
3 22
5 20
5 20
5 20
5 20
5 20
5 20
7 4
7 4
7 4
7 18
8 17
7 18
8 17
7 18
8 17
7 18
8 17
7 18
8 17
7 18
8 17
9 6
9 6
9 6
11 12
11 12
13 20
2 8
1 7
2 8
1 7
2 8
1 7
2 8
1 7
2 8
1 7
2 8
1 7
3 9
3 9
3 9
3 9
3 9
3 9
5 11
5 11
5 11
5 11
5 11
5 11
5 21
5 21
5 21
5 21
5 21
5 21
7 5
7 5
7 5
7 19
7 19
7 19
7 19
7 19
7 19
9 17
9 17
9 17
9 17
9 17
9 17
9 7
9 7
9 7
11 13
11 13
13 21
1 6
1 6
1 6
1 6
1 6
1 6
3 8
3 8
3 8
3 8
3 8
3 8
3 8
3 8
3 8
3 8
3 8
3 8
5 12
5 10
5 12
5 10
5 12
5 10
5 12
5 10
5 12
5 10
5 12
5 10
5 22
5 22
5 22
5 22
5 22
5 22
7 6
7 6
7 6
7 20
7 20
7 20
7 20
7 20
7 20
9 8
9 8
9 8
9 18
9 16
9 18
9 16
9 18
9 16
9 18
9 16
9 18
9 16
9 18
9 16
11 14
11 14
13 22
1 5
1 5
1 5
1 5
1 5
1 5
3 7
3 7
3 7
3 7
3 7
3 7
3 7
3 7
3 7
3 7
3 7
3 7
5 9
5 9
5 9
5 9
5 9
5 9
5 13
5 13
5 13
5 13
5 13
5 13
7 7
7 7
7 7
7 21
7 21
7 21
7 21
7 21
7 21
9 9
9 9
9 9
9 15
9 15
9 15
9 15
9 15
9 15
9 19
9 19
9 19
9 19
9 19
9 19
11 15
11 15
1 4
1 4
1 4
1 4
1 4
1 4
3 6
3 6
3 6
3 6
3 6
3 6
3 6
3 6
3 6
3 6
3 6
3 6
5 8
5 8
5 8
5 8
5 8
5 8
5 14
6 13
5 14
6 13
5 14
6 13
5 14
6 13
5 14
6 13
5 14
6 13
7 8
7 8
7 8
7 22
7 22
7 22
7 22
7 22
7 22
9 10
9 10
9 10
9 14
8 15
9 14
8 15
9 14
8 15
9 14
8 15
9 14
8 15
9 14
8 15
9 20
9 20
9 20
9 20
9 20
9 20
11 16
11 16
1 3
1 3
1 3
1 3
1 3
1 3
3 5
3 5
3 5
3 5
3 5
3 5
3 5
3 5
3 5
3 5
3 5
3 5
5 7
5 7
5 7
5 7
5 7
5 7
5 15
5 15
5 15
5 15
5 15
5 15
7 13
7 13
7 13
7 13
7 13
7 13
7 9
7 9
7 9
7 15
7 15
7 15
7 15
7 15
7 15
9 11
9 11
9 11
9 13
9 13
9 13
9 13
9 13
9 13
9 21
9 21
9 21
9 21
9 21
9 21
11 17
11 17
1 2
1 2
1 2
1 2
1 2
1 2
3 4
3 4
3 4
3 4
3 4
3 4
3 4
3 4
3 4
3 4
3 4
3 4
5 6
5 6
5 6
5 6
5 6
5 6
6 15
6 15
6 15
6 15
6 15
6 15
7 10
7 10
7 10
7 14
7 12
7 14
7 12
7 14
7 12
7 14
7 12
7 14
7 12
7 14
7 12
7 14
6 15
7 14
6 15
7 14
6 15
7 14
6 15
7 14
6 15
7 14
6 15
9 12
9 12
9 12
9 12
9 12
9 12
9 12
9 12
9 12
9 22
9 22
9 22
9 22
9 22
9 22
11 18
11 18
1 1
1 1
1 1
1 1
1 1
1 1
3 3
3 3
3 3
3 3
3 3
3 3
3 3
3 3
3 3
3 3
3 3
3 3
5 5
5 5
5 5
5 5
5 5
5 5
7 11
7 11
7 11
7 11
7 11
7 11
7 11
7 11
7 11
11 19
11 19
1 0
1 0
1 0
1 0
1 0
1 0
3 2
3 2
3 2
3 2
3 2
3 2
3 2
3 2
3 2
3 2
3 2
3 2
5 4
5 4
5 4
5 4
5 4
5 4
11 20
11 20
51
16 35
16 34
16 33
16 32
15 32
14 32
13 32
12 32
11 32
10 32
9 32
8 32
7 32
6 32
5 32
4 32
3 32
2 32
1 32
1 31
1 30
1 29
1 28
1 27
1 26
1 25
1 24
1 23
1 22
1 21
1 20
1 19
1 18
1 17
1 16
1 15
1 14
1 13
1 12
1 11
1 10
1 9
1 8
1 7
1 6
1 5
1 4
1 3
1 2
1 1
1 0
