200
3 20
2 20
2 20
2 19
2 18
2 17
2 17
2 18
2 19
2 20
2 21
2 22
3 17
3 19
3 20
3 21
3 22
4 17
4 18
4 20
4 21
4 22
5 17
5 18
5 20
5 21
6 17
6 18
6 20
6 21
7 17
7 20
8 17
8 18
8 19
8 20
1 17
1 19
1 20
1 21
1 22
2 16
2 23
3 23
4 16
4 23
6 16
7 19
9 17
9 18
9 20
1 23
4 15
5 15
6 15
9 16
10 17
10 18
10 19
10 20
3 15
4 14
5 14
6 14
7 14
8 14
8 15
9 15
10 16
11 17
11 18
11 19
11 20
11 21
11 22
10 22
9 22
8 22
8 22
9 22
10 22
11 22
11 21
11 20
11 19
11 18
11 17
11 16
7 22
8 23
9 23
10 16
10 15
10 14
10 13
10 12
10 17
10 18
10 19
10 20
10 23
11 12
11 12
11 13
11 14
12 12
12 13
12 14
12 15
12 16
13 12
13 13
13 14
13 16
13 17
14 16
14 17
14 18
15 17
15 18
16 18
16 18
17 18
17 17
15 18
15 17
16 19
17 19
18 17
18 16
18 15
17 15
18 14
18 13
17 13
17 12
17 12
18 12
18 12
17 12
16 12
15 12
15 11
15 10
14 10
13 10
12 10
11 10
10 10
12 9
14 9
15 9
15 8
16 11
16 10
16 9
16 8
17 11
17 10
17 9
9 10
9 9
9 8
9 7
9 6
9 5
10 5
10 5
9 5
8 5
8 6
8 7
8 8
8 8
7 8
6 8
5 8
4 8
3 8
2 8
1 8
1 7
1 7
1 6
1 5
2 6
2 7
1 8
2 8
3 8
4 8
4 7
4 6
4 5
4 4
4 3
4 2
5 2
5 1
5 0
111
3 20
2 20
2 20
2 19
2 18
2 17
2 17
2 18
2 19
2 20
3 20
4 20
5 20
6 20
7 20
8 20
9 20
10 20
11 20
11 21
11 22
10 22
9 22
8 22
8 22
9 22
10 22
11 22
11 21
11 20
11 19
11 18
11 17
11 16
10 16
10 15
10 14
10 13
10 12
11 12
11 12
11 13
11 14
12 14
12 15
12 16
13 16
13 17
14 17
14 18
15 18
16 18
16 18
17 18
17 17
18 17
18 16
18 15
18 14
18 13
17 13
17 12
17 12
18 12
18 12
17 12
16 12
15 12
15 11
15 10
14 10
13 10
12 10
11 10
10 10
9 10
9 9
9 8
9 7
9 6
9 5
10 5
10 5
9 5
8 5
8 6
8 7
8 8
8 8
7 8
6 8
5 8
4 8
3 8
2 8
1 8
1 7
1 7
2 7
2 8
3 8
4 8
4 7
4 6
4 5
4 4
4 3
4 2
5 2
5 1
5 0
