143
5 9
6 9
7 9
7 10
8 9
8 10
4 9
4 8
3 8
4 7
5 7
6 7
7 7
8 7
2 8
2 9
2 10
3 7
3 10
5 6
1 8
1 10
1 11
1 12
2 12
2 13
2 14
3 12
3 14
4 12
4 13
5 5
5 12
5 13
5 14
6 5
6 12
6 14
6 15
6 16
7 5
7 14
7 16
8 14
8 15
8 16
8 16
7 16
6 16
6 15
6 17
8 15
8 17
6 14
5 14
6 18
5 18
8 14
7 14
8 18
5 13
4 13
7 13
8 13
4 12
5 12
8 12
3 12
4 11
5 11
6 12
2 12
2 13
2 14
3 14
6 11
1 12
1 14
1 15
1 16
2 16
3 16
4 16
4 16
3 16
2 16
1 16
1 17
1 18
1 18
1 17
1 16
1 15
1 14
2 14
2 13
2 12
2 16
2 17
2 18
1 12
1 11
1 10
2 10
2 9
2 9
2 8
1 8
1 7
2 10
3 8
3 7
1 10
3 10
4 7
4 8
1 11
4 9
5 7
5 6
5 5
4 5
3 5
2 5
2 5
3 5
4 5
4 4
4 3
5 3
5 2
5 5
6 2
6 1
6 3
6 5
7 3
7 5
7 4
8 3
8 2
8 1
8 0
82
5 9
4 9
4 8
3 8
2 8
2 9
2 10
1 10
1 11
1 12
2 12
3 12
4 12
4 13
5 13
5 14
6 14
6 15
6 16
7 16
8 16
8 16
7 16
6 16
6 15
6 14
5 14
5 13
4 13
4 12
3 12
2 12
2 13
2 14
1 14
1 15
1 16
2 16
3 16
4 16
4 16
3 16
2 16
1 16
1 17
1 18
1 18
1 17
1 16
1 15
1 14
2 14
2 13
2 12
1 12
1 11
1 10
2 10
2 9
2 9
2 8
3 8
3 7
4 7
5 7
5 6
5 5
4 5
3 5
2 5
2 5
3 5
4 5
4 4
4 3
5 3
6 3
7 3
8 3
8 2
8 1
8 0
