288
16 35
16 34
16 33
16 32
16 31
16 30
16 29
16 28
16 27
16 26
16 25
16 24
16 23
16 22
15 22
15 21
15 20
16 20
15 19
15 18
16 18
15 17
15 16
15 15
15 14
15 13
15 12
15 11
15 10
15 9
15 8
15 7
15 6
15 5
15 4
15 3
14 3
13 3
12 3
11 3
11 4
11 5
11 6
11 7
11 8
11 9
11 10
11 11
11 12
11 13
11 14
11 15
11 16
11 17
11 18
11 19
11 20
11 21
11 22
12 5
13 5
13 6
13 7
13 8
13 9
13 10
13 11
13 12
13 13
13 14
13 15
13 16
13 17
13 18
13 19
13 20
13 21
13 22
14 8
14 5
10 3
9 3
9 4
9 5
9 6
9 7
9 8
9 9
9 10
9 11
9 12
9 13
9 14
9 15
9 16
9 17
9 18
9 19
9 20
9 21
9 22
8 17
7 17
7 18
7 19
7 20
7 21
7 22
6 17
5 17
5 18
5 19
5 20
5 21
5 22
4 17
3 17
3 18
3 19
3 20
3 21
3 22
3 16
3 15
3 14
3 13
3 12
3 11
4 11
5 11
5 12
5 13
5 14
5 15
6 15
7 15
8 15
7 14
7 13
7 12
7 11
7 10
7 9
7 8
7 7
7 6
7 5
7 4
7 3
8 3
6 13
5 10
5 9
5 8
5 7
5 6
5 5
5 4
5 3
5 2
5 1
6 1
7 1
8 1
9 1
10 1
11 1
12 1
13 1
14 1
15 1
4 1
3 1
3 2
3 3
3 4
3 5
3 6
3 7
3 8
3 9
3 10
2 8
1 8
1 9
1 10
1 11
1 12
1 13
1 14
1 15
1 16
1 17
1 18
1 19
1 20
1 21
1 22
1 23
1 24
1 25
1 26
1 27
1 28
1 29
1 30
1 31
1 32
2 32
3 32
4 32
5 32
6 32
7 32
8 32
9 32
10 32
11 32
12 32
13 32
14 32
15 32
3 31
3 30
4 30
5 30
6 30
7 30
8 30
9 30
10 30
11 30
12 30
13 30
14 30
15 30
2 30
2 28
3 28
4 28
5 28
6 28
7 28
8 28
9 28
10 28
11 28
12 28
13 28
14 28
15 28
2 26
3 26
4 26
5 26
6 26
7 26
8 26
9 26
10 26
11 26
12 26
13 26
14 26
15 26
2 24
3 24
4 24
5 24
6 24
7 24
8 24
9 24
10 24
11 24
12 24
13 24
14 24
15 24
2 16
1 7
1 6
1 5
1 4
1 3
1 2
1 1
1 0
97
16 35
16 34
16 33
16 32
16 31
16 30
16 29
16 28
16 27
16 26
16 25
16 24
16 23
16 22
15 22
15 21
15 20
15 19
15 18
15 17
15 16
15 15
15 14
15 13
15 12
15 11
15 10
15 9
15 8
15 7
15 6
15 5
15 4
15 3
14 3
13 3
12 3
11 3
10 3
9 3
9 4
9 5
9 6
9 7
9 8
9 9
9 10
9 11
9 12
9 13
9 14
9 15
9 16
9 17
8 17
7 17
6 17
5 17
4 17
3 17
3 16
3 15
3 14
3 13
3 12
3 11
4 11
5 11
5 10
5 9
5 8
5 7
5 6
5 5
5 4
5 3
5 2
5 1
4 1
3 1
3 2
3 3
3 4
3 5
3 6
3 7
3 8
2 8
1 8
1 7
1 6
1 5
1 4
1 3
1 2
1 1
1 0
