230
16 35
16 34
16 34
16 33
16 33
16 32
16 32
15 32
16 31
16 31
16 30
16 30
15 30
16 29
16 29
16 28
16 28
15 28
16 27
16 27
16 26
16 26
15 26
16 25
16 25
16 24
16 24
15 24
16 23
16 23
16 22
16 22
15 22
15 22
15 21
15 21
15 20
15 20
16 20
15 19
15 19
15 18
15 18
16 18
15 17
15 17
15 16
15 16
15 15
15 15
15 14
15 14
15 13
15 13
15 12
15 12
15 11
15 11
15 10
15 10
15 9
15 9
15 8
15 8
14 8
15 7
14 8
13 8
13 8
13 9
13 7
13 7
13 6
13 6
13 5
13 5
12 5
14 5
12 5
11 5
11 5
11 6
11 4
11 4
11 3
11 3
10 3
12 3
10 3
9 3
9 3
8 3
9 4
8 3
7 3
7 3
7 4
7 4
7 5
7 5
7 6
7 6
7 7
9 4
9 5
7 7
7 8
9 5
9 6
7 8
7 9
9 6
9 7
9 7
9 8
7 9
7 10
9 8
9 9
12 3
13 3
7 10
7 11
11 6
11 7
9 9
9 10
11 7
11 8
13 3
14 3
7 11
7 12
9 10
9 11
11 8
11 9
14 3
15 3
7 12
7 13
11 9
11 10
9 11
9 12
14 5
15 5
11 10
11 11
7 13
6 13
7 14
6 13
5 13
5 13
5 14
5 12
5 12
5 11
5 11
4 11
5 10
5 10
5 9
5 9
5 8
5 8
5 7
5 7
5 6
5 6
5 5
5 5
5 4
5 4
5 3
5 3
5 2
5 2
5 1
5 1
4 1
6 1
4 1
3 1
3 1
3 2
3 2
3 3
3 3
3 4
3 4
3 5
6 1
7 1
3 5
3 6
7 1
8 1
3 6
3 7
8 1
9 1
3 7
3 8
9 1
10 1
3 8
2 8
3 9
2 8
1 8
1 8
1 9
1 7
1 7
1 6
1 6
1 5
1 5
1 4
1 4
1 3
1 3
1 2
1 2
1 1
1 1
1 0
1 0
85
16 35
16 34
16 33
16 32
16 31
16 30
16 29
16 28
16 27
16 26
16 25
16 24
16 23
16 22
15 22
15 21
15 20
15 19
15 18
15 17
15 16
15 15
15 14
15 13
15 12
15 11
15 10
15 9
15 8
14 8
13 8
13 7
13 6
13 5
12 5
11 5
11 4
11 3
10 3
9 3
8 3
7 3
7 4
7 5
7 6
7 7
7 8
7 9
7 10
7 11
7 12
7 13
6 13
5 13
5 12
5 11
5 10
5 9
5 8
5 7
5 6
5 5
5 4
5 3
5 2
5 1
4 1
3 1
3 2
3 3
3 4
3 5
3 6
3 7
3 8
2 8
1 8
1 7
1 6
1 5
1 4
1 3
1 2
1 1
1 0
