109
16 35
16 34
16 34
16 33
16 33
16 32
16 32
15 32
16 31
15 32
14 32
14 32
13 32
13 32
12 32
12 32
11 32
11 32
10 32
10 32
9 32
9 32
8 32
8 32
7 32
7 32
6 32
6 32
5 32
5 32
4 32
4 32
3 32
3 32
2 32
3 31
2 32
1 32
1 32
1 31
1 31
1 30
1 30
2 30
1 29
1 29
1 28
1 28
2 28
1 27
1 27
1 26
1 26
2 26
1 25
1 25
1 24
1 24
2 24
1 23
1 23
1 22
1 22
1 21
1 21
1 20
1 20
1 19
1 19
1 18
1 18
1 17
1 17
1 16
1 16
2 16
1 15
1 15
1 14
1 14
1 13
1 13
1 12
1 12
1 11
1 11
1 10
1 10
1 9
1 9
1 8
1 8
2 8
1 7
1 7
1 6
1 6
1 5
1 5
1 4
1 4
1 3
1 3
1 2
1 2
1 1
1 1
1 0
1 0
51
16 35
16 34
16 33
16 32
15 32
14 32
13 32
12 32
11 32
10 32
9 32
8 32
7 32
6 32
5 32
4 32
3 32
2 32
1 32
1 31
1 30
1 29
1 28
1 27
1 26
1 25
1 24
1 23
1 22
1 21
1 20
1 19
1 18
1 17
1 16
1 15
1 14
1 13
1 12
1 11
1 10
1 9
1 8
1 7
1 6
1 5
1 4
1 3
1 2
1 1
1 0
