0
265
9 24
9 23
9 22
9 21
9 20
9 19
9 18
9 18
8 18
7 18
7 19
6 19
5 19
4 19
4 18
4 17
4 17
4 16
4 15
4 14
4 13
4 12
3 12
3 11
3 10
3 9
2 9
1 9
1 10
1 10
1 9
2 9
3 9
3 8
3 7
4 7
4 6
4 6
4 5
4 4
4 3
5 3
5 3
4 3
3 3
2 3
2 2
2 1
1 1
1 1
2 1
2 2
2 3
2 4
2 5
2 6
2 7
3 7
3 8
3 9
3 10
3 11
3 12
4 12
4 13
4 14
3 14
2 14
2 15
2 15
2 14
3 14
4 14
4 15
5 15
6 15
6 14
7 14
7 14
6 14
6 15
5 15
4 15
4 16
4 17
4 18
4 19
4 20
5 20
5 21
5 22
4 22
3 22
3 22
4 22
5 22
5 21
5 20
5 19
4 19
4 18
4 17
4 16
4 15
4 14
4 13
4 12
4 11
4 10
4 9
4 8
4 7
4 6
5 6
6 6
7 6
7 5
8 5
9 5
9 5
8 5
8 4
8 3
8 3
8 4
8 5
9 5
9 6
9 6
9 5
8 5
7 5
7 6
7 7
8 7
8 8
8 9
8 10
9 10
9 10
9 11
9 12
9 13
8 13
8 14
7 14
7 15
7 16
8 16
8 17
8 18
9 18
9 19
9 20
9 21
9 22
9 23
9 24
9 25
8 25
8 26
8 27
8 28
9 28
9 28
8 28
8 27
8 26
7 26
7 26
7 25
7 24
8 24
8 24
8 23
8 22
7 22
6 22
5 22
5 21
5 20
4 20
4 19
3 19
3 19
3 18
3 17
3 16
4 16
4 15
4 14
4 13
4 12
4 11
4 10
4 9
4 8
4 7
4 6
4 5
4 4
4 4
4 5
4 6
4 7
4 8
4 9
5 9
6 9
6 10
6 10
7 10
7 10
6 10
6 9
5 9
4 9
3 9
2 9
2 9
3 9
3 10
3 11
3 12
4 12
4 13
4 14
4 15
4 16
4 17
4 18
4 19
4 20
5 20
5 21
6 21
6 21
6 22
7 22
8 22
8 23
8 24
7 24
7 25
7 26
6 26
6 26
5 26
4 26
4 25
4 25
4 26
4 27
5 27
5 27
4 27
4 26
3 26
3 25
2 25
1 25
1 26
1 27
1 28
1 29
