1034
8 30
8 31
8 32
8 33
9 31
9 32
9 33
10 31
10 32
11 31
11 32
11 33
12 31
12 32
13 31
7 30
7 31
7 32
8 29
9 29
10 29
10 30
11 29
11 30
13 30
14 30
6 30
6 31
6 32
6 33
7 29
8 28
9 28
11 28
13 29
14 29
15 29
5 30
5 32
6 29
8 27
9 27
10 27
13 28
14 28
4 30
4 32
4 33
5 29
7 27
9 26
3 30
3 31
3 33
5 28
6 27
7 26
9 25
10 25
11 25
11 26
12 25
12 26
12 27
13 25
13 26
14 25
14 26
15 25
15 26
15 27
2 30
2 31
2 32
2 33
3 29
5 27
6 26
7 25
8 25
9 24
10 24
11 24
12 24
13 24
14 24
16 26
16 27
16 28
1 31
1 32
1 33
2 29
4 27
5 26
6 25
9 23
10 23
13 23
14 23
17 26
17 27
1 29
2 28
3 27
4 26
5 25
8 23
9 22
14 22
15 22
17 25
18 26
18 27
18 28
18 29
17 29
17 30
16 30
16 31
15 31
15 32
15 33
15 33
15 32
14 32
15 31
16 31
16 30
16 32
16 33
17 30
17 31
17 32
17 29
18 30
18 31
18 29
18 28
18 27
17 27
16 27
15 27
16 28
15 26
14 26
13 26
12 26
11 26
12 27
16 26
17 26
18 26
11 25
10 25
9 25
8 25
7 25
6 25
5 25
5 26
4 26
3 26
3 27
4 27
5 27
5 28
5 29
5 30
4 30
3 30
3 30
2 30
2 29
1 29
2 28
3 29
2 31
1 31
3 31
4 30
1 32
2 32
5 30
5 29
5 28
5 27
4 27
3 27
3 26
3 25
3 24
4 26
5 26
5 25
5 24
1 33
2 33
5 23
4 23
6 25
6 26
6 27
6 29
6 30
3 33
5 22
6 23
6 31
7 25
7 26
7 27
7 29
7 30
4 33
4 32
5 21
4 21
3 21
3 22
2 22
1 22
1 23
1 24
1 24
1 23
1 22
1 21
1 20
2 20
2 22
2 23
3 20
3 20
2 20
1 20
1 21
3 21
4 20
4 19
1 22
3 22
2 22
4 21
5 19
5 18
5 17
4 17
5 16
5 15
4 15
4 14
4 13
3 13
2 13
1 13
1 12
1 11
1 11
2 11
2 10
2 9
2 8
2 7
2 6
2 5
3 5
3 9
3 10
4 5
4 9
4 10
5 10
1 5
1 6
1 7
1 9
1 12
2 4
2 12
3 4
3 12
4 4
5 11
6 11
7 11
7 10
8 10
8 11
9 11
10 11
10 10
10 9
10 8
1 13
2 3
2 13
3 3
3 13
4 13
5 13
6 12
6 13
7 12
9 8
9 7
9 6
9 5
9 9
9 12
10 5
10 5
9 5
10 6
8 5
8 4
8 3
8 2
8 1
9 1
9 2
9 3
9 6
10 1
10 3
11 1
11 1
11 2
11 3
11 4
12 1
12 2
13 1
10 1
10 3
9 1
9 2
9 3
8 1
8 2
8 3
8 4
8 5
8 6
8 7
8 8
9 5
9 6
9 7
9 8
9 9
10 5
10 6
10 8
10 9
10 10
10 11
11 8
11 9
11 10
11 11
12 8
13 8
13 9
13 10
13 11
13 12
14 8
14 10
14 11
14 12
15 8
15 9
15 10
15 11
15 12
15 12
14 12
13 12
12 12
12 13
12 14
11 14
13 13
13 14
14 13
11 15
12 15
13 11
13 15
14 11
15 11
16 12
16 13
12 16
13 10
13 16
14 10
15 10
16 11
17 13
17 14
13 9
14 16
15 9
16 10
17 15
16 15
15 15
15 14
18 14
13 8
12 8
11 8
10 8
9 8
8 8
7 8
6 8
5 8
9 9
10 9
10 10
10 11
9 11
8 11
7 11
6 11
5 11
6 12
6 13
5 13
4 13
4 14
4 14
4 13
3 13
3 12
2 12
2 11
2 10
2 13
3 10
3 10
2 10
2 9
1 9
1 9
2 9
2 10
2 11
2 12
2 13
1 11
1 12
1 13
1 14
2 8
3 9
3 10
3 12
3 13
2 7
4 9
4 10
4 13
4 14
4 15
1 7
2 6
5 10
5 11
5 13
5 15
5 16
5 17
4 17
5 18
5 19
4 19
4 20
3 20
2 20
2 20
1 20
1 21
1 22
1 23
1 24
2 22
2 23
3 20
3 21
3 22
4 20
4 21
4 19
5 20
5 21
5 22
5 23
4 23
5 24
5 25
5 26
4 26
3 26
3 27
4 27
5 27
5 28
5 29
5 30
4 30
3 30
2 30
2 31
1 31
1 31
1 32
2 31
2 32
3 31
1 33
2 30
2 33
3 30
3 33
4 30
4 33
4 32
4 32
5 32
6 32
6 31
6 30
6 29
4 33
5 29
5 28
5 27
5 26
5 25
5 24
5 23
5 22
5 21
5 20
5 19
5 18
5 17
5 30
6 17
6 17
5 17
5 18
5 19
5 20
5 20
4 20
3 20
3 21
3 22
4 21
5 21
5 22
5 23
4 23
5 24
5 25
5 26
4 26
3 26
3 27
4 27
5 27
5 28
5 29
5 30
4 30
3 30
3 30
3 29
4 30
5 30
5 29
5 28
5 27
6 27
6 27
7 27
8 27
8 28
8 29
9 27
9 28
9 29
10 27
10 29
11 29
5 27
5 28
5 29
6 26
6 29
7 26
7 29
8 30
9 26
10 30
11 28
11 30
4 27
5 26
5 30
6 25
6 30
7 25
7 30
8 25
8 31
9 25
9 31
10 25
10 31
11 25
11 26
11 31
12 25
12 26
12 27
12 31
13 25
13 26
13 31
13 30
13 29
13 29
13 28
14 28
14 29
15 29
13 30
14 30
13 31
12 31
11 31
11 30
11 29
11 28
12 32
10 29
10 30
10 31
11 32
9 29
9 28
9 27
9 26
9 25
9 24
9 23
9 22
9 31
10 23
10 24
10 25
10 27
10 32
11 24
11 25
11 33
12 24
12 25
13 24
13 23
13 25
14 23
14 22
14 24
14 25
15 22
15 21
15 25
16 21
16 22
17 21
17 20
17 19
17 18
17 17
17 16
17 15
17 14
17 22
18 14
18 14
17 14
17 15
16 15
15 15
15 16
15 17
16 16
17 16
17 17
17 18
16 18
17 19
17 20
17 21
16 21
15 21
15 22
16 22
16 23
17 22
17 23
17 24
17 25
17 26
16 26
15 26
15 27
16 27
16 28
17 27
14 16
14 17
14 18
14 19
14 20
14 22
14 23
14 24
14 25
14 26
15 14
15 19
15 25
17 13
16 13
18 16
18 18
18 20
18 21
18 22
18 23
18 24
18 25
18 26
18 27
18 28
18 29
17 29
17 30
16 30
16 31
15 31
15 31
16 31
16 30
17 30
17 29
17 31
15 32
16 32
17 32
18 29
18 28
18 27
17 27
17 26
17 25
17 24
17 23
17 22
17 21
17 20
17 20
17 19
17 18
16 18
17 17
17 16
16 16
15 16
14 16
13 16
12 16
12 15
12 14
12 13
12 12
13 15
13 14
13 13
13 12
13 11
13 10
13 9
13 8
12 8
12 7
12 6
12 5
15 15
15 14
16 15
17 15
17 14
17 13
16 13
16 12
15 12
14 12
14 11
14 10
15 11
15 10
15 9
15 8
14 8
14 7
14 6
13 6
15 7
16 11
16 10
16 9
16 8
16 7
11 7
11 8
11 14
11 15
14 13
14 17
15 17
17 7
17 9
17 21
16 21
15 21
18 14
18 16
18 18
18 20
10 8
11 9
14 18
13 18
12 18
15 22
14 22
16 22
17 22
18 9
18 8
18 21
9 8
9 7
9 6
9 5
10 5
10 6
10 9
11 10
13 19
14 19
14 23
13 23
16 23
17 23
18 10
18 22
8 5
8 4
8 3
8 2
8 1
8 6
8 7
8 8
9 1
9 2
9 3
9 9
10 1
10 3
10 10
11 1
11 3
11 2
11 11
12 1
12 1
11 1
10 1
9 1
8 1
7 1
8 2
8 3
8 4
8 5
8 6
7 6
6 6
6 7
5 7
4 7
7 7
8 7
9 2
9 3
11 2
11 3
10 3
11 4
12 2
5 8
6 5
6 8
7 0
7 8
8 8
9 5
9 6
9 7
13 1
6 4
9 8
10 5
10 6
6 3
5 3
9 9
10 8
5 2
4 2
6 2
10 9
11 8
11 7
4 1
3 1
5 1
10 10
11 9
12 7
12 8
10 11
9 11
8 11
7 11
6 11
5 11
5 10
4 10
3 10
2 10
2 9
2 8
2 7
2 7
2 8
2 9
3 9
3 9
4 9
2 9
2 8
2 7
2 6
2 5
2 4
2 3
2 2
3 3
3 4
3 5
3 10
4 4
4 5
4 10
5 10
1 2
1 3
1 5
1 6
1 7
1 9
2 10
5 11
6 11
7 11
7 10
2 11
6 12
7 12
8 10
8 11
1 11
2 12
3 12
6 13
9 11
1 12
2 13
3 13
4 13
5 13
6 14
7 14
9 12
10 11
10 10
10 9
9 9
9 8
8 8
7 8
7 7
7 6
8 7
8 6
8 5
8 4
8 3
8 2
8 1
7 1
7 0
453
8 30
8 29
9 29
9 28
9 27
9 26
9 25
10 25
11 25
11 26
12 26
13 26
14 26
15 26
15 27
16 27
17 27
18 27
18 28
18 29
17 29
17 30
16 30
16 31
15 31
15 32
15 33
15 33
15 32
15 31
16 31
16 30
17 30
17 29
18 29
18 28
18 27
17 27
16 27
15 27
15 26
14 26
13 26
12 26
11 26
11 25
10 25
9 25
8 25
7 25
6 25
5 25
5 26
5 27
5 28
5 29
5 30
4 30
3 30
3 30
4 30
5 30
5 29
5 28
5 27
5 26
5 25
5 24
5 23
5 22
5 21
4 21
3 21
3 22
2 22
1 22
1 23
1 24
1 24
1 23
1 22
1 21
1 20
2 20
3 20
3 20
4 20
4 19
5 19
5 18
5 17
5 16
5 15
4 15
4 14
4 13
3 13
2 13
1 13
1 12
1 11
1 11
2 11
2 10
3 10
4 10
5 10
5 11
6 11
7 11
8 11
9 11
10 11
10 10
10 9
10 8
9 8
9 7
9 6
9 5
10 5
10 5
9 5
8 5
8 4
8 3
8 2
8 1
9 1
10 1
11 1
11 1
11 2
11 3
10 3
9 3
8 3
8 4
8 5
8 6
8 7
8 8
9 8
10 8
11 8
12 8
13 8
13 9
13 10
13 11
13 12
14 12
15 12
15 12
14 12
13 12
13 11
13 10
13 9
13 8
12 8
11 8
10 8
10 9
10 10
10 11
9 11
8 11
7 11
6 11
6 12
6 13
5 13
4 13
4 14
4 14
4 13
3 13
3 12
2 12
2 11
2 10
3 10
3 10
2 10
2 9
1 9
1 9
2 9
2 10
2 11
2 12
2 13
3 13
4 13
4 14
4 15
5 15
5 16
5 17
5 18
5 19
4 19
4 20
3 20
2 20
2 20
3 20
3 21
4 21
5 21
5 22
5 23
5 24
5 25
5 26
5 27
5 28
5 29
5 30
4 30
3 30
2 30
2 31
1 31
1 31
1 32
2 32
2 33
3 33
4 33
4 32
4 32
5 32
6 32
6 31
6 30
6 29
5 29
5 28
5 27
5 26
5 25
5 24
5 23
5 22
5 21
5 20
5 19
5 18
5 17
6 17
6 17
5 17
5 18
5 19
5 20
5 20
5 21
5 22
5 23
5 24
5 25
5 26
5 27
5 28
5 29
5 30
4 30
3 30
3 30
4 30
5 30
5 29
5 28
5 27
6 27
6 27
7 27
8 27
8 28
8 29
9 29
10 29
11 29
11 30
11 31
12 31
13 31
13 30
13 29
13 29
13 30
13 31
12 31
11 31
11 30
11 29
10 29
9 29
9 28
9 27
9 26
9 25
9 24
10 24
11 24
12 24
13 24
13 23
14 23
14 22
15 22
15 21
16 21
17 21
17 20
17 19
17 18
17 17
17 16
17 15
17 14
18 14
18 14
17 14
17 15
17 16
17 17
17 18
17 19
17 20
17 21
17 22
17 23
17 24
17 25
17 26
17 27
18 27
18 28
18 29
17 29
17 30
16 30
16 31
15 31
15 31
16 31
16 30
17 30
17 29
18 29
18 28
18 27
17 27
17 26
17 25
17 24
17 23
17 22
17 21
17 20
17 20
17 19
17 18
17 17
17 16
16 16
15 16
14 16
13 16
13 15
13 14
13 13
13 12
13 11
13 10
13 9
13 8
12 8
11 8
10 8
9 8
9 7
9 6
9 5
8 5
8 4
8 3
8 2
8 1
9 1
10 1
11 1
12 1
12 1
11 1
10 1
9 1
8 1
8 2
8 3
8 4
8 5
8 6
8 7
8 8
9 8
9 9
10 9
10 10
10 11
9 11
8 11
7 11
6 11
5 11
5 10
4 10
3 10
2 10
2 9
2 8
2 7
2 7
2 8
2 9
3 9
3 9
4 9
4 10
5 10
5 11
6 11
7 11
8 11
9 11
10 11
10 10
10 9
9 9
9 8
8 8
8 7
8 6
8 5
8 4
8 3
8 2
8 1
7 1
7 0
