0
423
8 30
7 30
6 30
5 30
4 30
3 30
3 30
2 30
2 31
1 31
1 31
2 31
2 30
3 30
4 30
5 30
5 29
5 28
5 27
5 26
5 25
5 24
5 23
5 22
5 21
4 21
3 21
3 22
2 22
1 22
1 23
1 24
1 24
1 23
1 22
1 21
1 20
2 20
2 20
3 20
4 20
5 20
5 20
5 19
5 18
5 17
5 16
6 16
7 16
7 15
7 14
8 14
8 13
9 13
9 12
9 11
10 11
10 10
10 9
10 8
9 8
9 7
9 6
9 5
8 5
8 4
8 3
8 2
8 1
9 1
10 1
11 1
11 1
12 1
12 1
11 1
11 2
11 3
10 3
9 3
8 3
8 4
8 5
9 5
10 5
10 5
9 5
9 6
9 7
9 8
9 9
10 9
10 10
10 11
9 11
9 12
9 13
8 13
8 14
7 14
7 15
7 16
6 16
6 17
6 17
6 18
6 19
5 19
5 20
5 21
5 22
5 23
5 24
5 25
5 26
5 27
5 28
5 29
6 29
7 29
8 29
9 29
10 29
11 29
11 30
11 31
12 31
13 31
13 30
13 29
13 29
13 30
13 31
12 31
11 31
10 31
9 31
8 31
7 31
6 31
6 30
5 30
5 29
5 28
5 27
5 26
5 25
5 24
5 23
5 22
5 21
4 21
3 21
3 20
3 20
4 20
5 20
5 21
6 21
6 22
6 23
7 23
8 23
9 23
10 23
10 24
11 24
12 24
13 24
13 23
14 23
14 22
15 22
15 21
16 21
17 21
17 20
17 20
17 19
17 18
17 17
17 16
17 15
17 14
17 13
16 13
16 12
15 12
15 12
14 12
13 12
13 11
13 10
13 9
13 8
12 8
11 8
10 8
10 9
10 10
10 11
9 11
8 11
7 11
6 11
5 11
5 10
4 10
3 10
2 10
2 11
1 11
1 11
1 12
1 13
2 13
3 13
4 13
4 14
4 15
5 15
5 16
5 17
5 18
5 19
5 20
5 21
5 22
5 23
5 24
5 25
5 26
5 27
5 28
5 29
5 30
6 30
6 31
6 32
5 32
4 32
4 32
4 33
3 33
2 33
2 32
2 31
2 30
3 30
3 30
4 30
5 30
5 29
5 28
5 27
6 27
6 27
7 27
8 27
9 27
9 26
9 25
10 25
11 25
11 26
12 26
13 26
14 26
15 26
15 27
16 27
17 27
18 27
18 28
18 29
17 29
17 30
16 30
16 31
15 31
15 32
15 33
15 33
15 32
15 31
15 31
16 31
16 30
17 30
17 29
18 29
18 28
18 27
17 27
16 27
15 27
15 26
14 26
13 26
12 26
11 26
11 25
10 25
9 25
8 25
7 25
6 25
5 25
5 24
5 23
5 22
5 21
5 20
5 19
5 18
5 17
5 16
5 15
4 15
4 14
4 13
3 13
2 13
2 12
2 11
2 10
2 9
1 9
1 9
2 9
3 9
3 9
3 10
3 10
4 10
5 10
5 11
6 11
7 11
8 11
9 11
10 11
11 11
11 10
11 9
11 8
12 8
13 8
13 9
13 10
13 11
13 12
14 12
15 12
16 12
16 13
17 13
17 14
18 14
18 14
17 14
17 13
16 13
16 12
15 12
14 12
13 12
13 11
13 10
13 9
13 8
12 8
11 8
10 8
10 9
10 10
10 11
9 11
8 11
7 11
6 11
6 12
6 13
5 13
4 13
4 14
4 14
4 13
3 13
2 13
2 12
2 11
2 10
2 9
2 8
2 7
2 7
2 8
2 9
3 9
4 9
4 10
5 10
5 11
6 11
7 11
8 11
9 11
10 11
10 10
10 9
9 9
9 8
8 8
8 7
8 6
8 5
8 4
8 3
8 2
8 1
7 1
7 0
