201
4 28
4 27
3 27
3 26
3 25
2 25
1 25
1 24
1 23
1 22
1 21
2 21
2 23
3 21
2 27
1 27
1 26
3 23
3 22
4 25
4 24
4 23
4 21
4 20
4 19
3 19
3 18
3 17
2 17
1 17
2 19
1 19
1 18
4 17
4 16
4 15
3 15
3 14
3 13
2 13
1 13
1 12
1 11
1 10
1 9
2 9
2 8
2 7
1 7
1 6
1 5
1 4
1 3
2 3
2 4
2 5
3 3
3 4
3 7
3 6
3 5
4 5
4 4
4 3
5 3
2 11
3 9
4 7
5 4
5 5
2 15
1 15
1 14
3 11
3 10
4 13
4 12
4 11
4 9
4 8
5 11
5 10
5 9
6 3
5 7
5 6
6 9
6 8
6 7
6 4
6 5
6 10
7 7
7 6
7 5
7 4
7 3
5 15
5 14
5 13
8 3
6 13
8 4
6 11
8 5
7 9
6 14
5 23
5 22
5 21
5 19
5 18
5 17
6 21
7 10
6 17
6 16
6 15
8 7
7 15
7 14
7 13
7 11
9 3
6 22
6 18
8 13
9 4
5 27
5 26
5 25
8 9
8 8
9 5
6 25
6 23
6 19
8 14
7 21
2 28
7 17
5 28
6 26
8 15
9 7
9 6
7 22
7 18
8 11
4 29
3 29
2 29
1 29
9 13
6 27
10 3
7 25
7 23
10 4
7 19
9 9
9 14
8 21
8 20
8 19
10 5
8 17
9 19
9 18
9 17
7 26
9 15
10 17
5 29
10 7
9 11
9 10
7 27
10 13
8 25
8 24
8 23
1 30
3 30
9 23
9 22
9 21
11 3
11 2
11 1
10 1
9 1
8 1
7 1
6 1
5 1
4 1
3 1
2 1
1 1
1 0
56
4 28
4 27
3 27
3 26
3 25
2 25
1 25
1 24
1 23
1 22
1 21
2 21
3 21
4 21
4 20
4 19
3 19
3 18
3 17
4 17
4 16
4 15
3 15
3 14
3 13
4 13
4 12
4 11
5 11
5 10
5 9
6 9
6 8
6 7
7 7
7 6
7 5
7 4
7 3
8 3
9 3
10 3
11 3
11 2
11 1
10 1
9 1
8 1
7 1
6 1
5 1
4 1
3 1
2 1
1 1
1 0
