84
8 18
7 18
6 18
6 17
5 17
4 17
3 17
5 16
5 15
5 14
4 14
4 13
3 13
2 13
1 13
2 12
2 11
2 10
1 10
2 9
2 8
2 7
1 7
1 6
1 5
4 12
5 13
8 17
1 14
2 5
2 14
3 7
3 6
3 9
3 10
3 11
3 18
6 13
6 12
6 11
6 10
5 10
5 9
6 9
6 14
8 19
9 17
9 16
9 15
8 15
7 15
8 14
9 14
9 18
1 15
3 5
3 19
4 7
4 9
7 9
7 10
7 12
7 14
8 20
7 20
6 20
5 20
4 20
5 19
10 14
10 13
10 12
9 12
10 17
1 16
4 5
4 4
4 3
3 3
2 3
1 3
1 2
1 1
1 0
32
8 18
7 18
6 18
6 17
5 17
5 16
5 15
5 14
4 14
4 13
3 13
2 13
2 12
2 11
2 10
2 9
2 8
2 7
1 7
1 6
1 5
2 5
3 5
4 5
4 4
4 3
3 3
2 3
1 3
1 2
1 1
1 0
