243
11 31
11 30
11 29
11 28
11 27
11 26
11 25
11 24
11 23
11 22
11 21
10 31
11 20
10 29
10 27
11 19
10 25
11 18
10 23
11 17
10 21
11 16
9 31
10 19
11 15
9 30
9 29
9 28
9 27
9 26
11 14
10 17
9 25
9 23
11 13
9 22
9 21
10 15
9 19
11 12
10 14
9 18
8 31
9 17
10 13
8 29
11 11
8 27
8 25
8 24
9 15
8 23
9 14
8 21
11 10
8 20
10 11
8 19
9 13
8 17
11 9
8 15
7 31
7 30
9 11
7 29
8 14
7 27
7 26
7 25
10 9
8 13
7 23
7 22
9 10
11 8
7 21
7 19
7 18
9 32
7 17
8 11
9 9
7 15
11 7
7 14
7 13
6 31
8 9
10 7
6 29
6 27
6 26
6 25
7 11
6 23
6 22
6 21
8 8
9 7
6 19
7 10
11 6
6 18
6 17
6 16
6 15
7 9
6 14
8 7
6 13
9 6
6 11
6 10
11 5
7 7
5 31
5 30
5 29
5 28
5 27
6 9
10 5
5 26
5 25
5 23
5 22
5 21
5 19
6 8
9 5
5 18
5 17
7 6
5 15
5 14
5 13
6 7
8 5
5 11
5 10
11 4
7 5
5 9
10 4
9 4
9 33
5 7
8 4
6 5
4 31
4 29
4 28
4 27
4 25
4 24
4 23
5 6
7 4
4 21
4 20
4 19
4 17
4 16
4 15
4 13
4 12
4 11
5 5
6 4
11 3
4 9
10 3
4 8
9 3
4 7
8 3
5 4
7 3
8 33
4 5
6 3
4 4
5 3
3 31
3 30
3 29
3 27
3 26
3 25
3 23
3 22
3 21
3 19
3 18
3 17
3 15
3 14
3 13
3 11
3 10
11 2
10 33
3 9
4 3
3 7
3 6
3 5
3 4
7 33
3 3
9 34
2 31
2 29
2 28
2 27
2 25
2 23
2 21
2 19
2 17
2 15
2 13
2 11
11 1
2 9
10 1
2 8
9 1
2 7
8 1
7 1
2 5
6 1
2 4
5 1
2 3
4 1
3 1
2 1
11 33
1 1
1 0
42
11 31
11 30
11 29
11 28
11 27
11 26
11 25
11 24
11 23
11 22
11 21
11 20
11 19
11 18
11 17
11 16
11 15
11 14
11 13
11 12
11 11
11 10
11 9
11 8
11 7
11 6
11 5
11 4
11 3
11 2
11 1
10 1
9 1
8 1
7 1
6 1
5 1
4 1
3 1
2 1
1 1
1 0
