236
4 28
4 27
3 27
2 27
1 27
1 26
1 25
1 24
1 23
1 22
1 21
3 26
3 25
2 25
2 21
2 23
2 28
4 25
4 24
4 23
3 23
3 22
3 21
4 29
3 29
2 29
1 29
5 27
5 26
5 25
5 28
1 30
3 30
4 21
4 20
4 19
3 19
2 19
1 19
1 18
1 17
3 18
3 17
2 17
5 23
5 22
5 21
5 29
6 25
6 26
6 27
1 31
3 31
2 31
4 17
4 16
4 15
3 15
2 15
1 15
1 14
1 13
1 12
1 11
1 10
1 9
3 14
3 13
2 13
5 19
5 18
5 17
5 30
6 21
6 22
6 23
6 29
7 25
7 26
7 27
2 9
2 8
2 7
1 7
1 6
1 5
2 11
2 32
4 13
4 12
4 11
3 11
3 10
3 9
4 31
5 15
5 14
5 13
5 31
6 17
6 16
6 15
6 14
6 13
6 18
6 19
7 21
7 22
7 23
7 29
8 25
8 24
8 23
8 27
2 5
2 33
1 33
3 7
3 6
3 5
4 9
4 8
4 7
5 11
5 10
5 9
6 31
7 13
7 14
7 15
7 17
7 18
7 19
7 30
8 21
8 20
8 19
8 29
9 23
9 22
9 21
9 25
9 27
9 26
1 34
3 33
4 5
5 7
5 6
5 5
6 9
6 8
6 7
6 10
6 11
7 31
8 13
8 14
8 15
8 17
9 19
9 18
9 17
9 28
9 29
10 21
10 23
10 25
10 27
3 34
4 33
6 5
7 7
7 6
7 5
7 9
7 10
7 11
8 31
9 13
9 14
9 15
9 30
10 17
10 19
10 29
11 21
11 20
11 19
11 18
11 17
11 16
11 15
10 15
10 14
10 13
11 14
11 13
11 12
11 11
10 11
9 11
8 11
9 10
9 9
8 9
8 8
8 7
11 10
11 9
10 9
11 8
11 7
10 7
9 7
9 6
9 5
8 5
11 6
11 5
10 5
11 4
11 3
10 3
9 3
8 3
7 3
6 3
5 3
4 3
3 3
2 3
1 3
1 2
1 1
1 0
46
4 28
4 27
5 27
5 26
5 25
6 25
7 25
8 25
8 24
8 23
9 23
9 22
9 21
10 21
11 21
11 20
11 19
11 18
11 17
11 16
11 15
11 14
11 13
11 12
11 11
11 10
11 9
11 8
11 7
11 6
11 5
11 4
11 3
10 3
9 3
8 3
7 3
6 3
5 3
4 3
3 3
2 3
1 3
1 2
1 1
1 0
