139
8 18
8 17
7 18
6 18
9 18
6 17
9 17
9 16
9 15
9 14
8 19
5 17
5 16
5 15
8 15
5 14
5 13
8 14
7 15
7 14
10 17
4 17
4 14
4 13
4 12
10 14
10 13
6 14
6 13
6 12
10 12
6 11
3 17
3 13
6 10
8 20
6 9
9 12
11 17
5 10
5 9
11 16
7 20
8 12
11 15
2 13
2 12
2 11
2 10
2 9
2 8
2 7
11 14
7 12
4 9
9 20
6 20
11 12
7 10
7 9
11 11
1 7
1 6
1 5
1 10
1 13
3 18
11 10
3 11
3 10
3 9
3 7
3 6
3 5
5 20
5 19
12 16
10 10
11 9
11 18
12 15
12 14
9 10
11 8
10 20
10 19
2 14
10 8
2 5
8 10
11 7
4 20
4 19
12 12
9 8
8 9
6 21
4 7
8 8
9 7
11 6
4 5
12 10
8 7
1 14
4 4
13 16
3 19
11 5
12 9
8 6
4 3
10 5
11 20
9 5
13 14
11 19
7 6
8 5
3 3
9 4
13 12
12 7
5 7
2 3
5 6
2 2
13 11
5 5
2 1
12 6
6 22
14 16
13 10
13 17
14 15
12 19
1 1
1 0
30
8 18
7 18
6 18
6 17
5 17
5 16
5 15
5 14
5 13
4 13
3 13
2 13
2 12
2 11
2 10
2 9
2 8
2 7
3 7
3 6
3 5
4 5
4 4
4 3
3 3
2 3
2 2
2 1
1 1
1 0
