281
11 31
10 31
11 30
9 31
11 29
9 32
8 31
9 30
10 29
11 28
9 33
7 31
9 29
11 27
9 34
10 33
8 33
6 31
7 30
8 29
9 28
10 27
11 26
10 34
11 33
7 33
5 31
7 29
9 27
11 25
11 34
7 34
4 31
5 30
6 29
8 27
9 26
10 25
11 24
6 34
3 31
5 29
7 27
9 25
11 23
5 34
2 31
3 30
4 29
5 28
6 27
7 26
8 25
10 23
11 22
5 33
2 32
1 31
3 29
4 28
5 27
6 26
7 25
8 24
9 23
11 21
4 33
2 33
1 30
2 29
4 27
5 26
6 25
8 23
9 22
10 21
11 20
3 33
1 33
1 29
2 28
3 27
5 25
7 23
9 21
11 19
3 34
1 34
2 27
3 26
4 25
6 23
7 22
8 21
10 19
11 18
1 27
3 25
4 24
5 23
6 22
7 21
8 20
9 19
11 17
1 26
2 25
4 23
5 22
6 21
8 19
9 18
10 17
11 16
1 25
3 23
5 21
7 19
9 17
11 15
1 24
2 23
3 22
4 21
6 19
7 18
8 17
10 15
11 14
1 23
3 21
4 20
5 19
6 18
7 17
9 15
10 14
11 13
1 22
2 21
4 19
5 18
6 17
8 15
9 14
10 13
11 12
1 21
3 19
5 17
6 16
7 15
8 14
9 13
11 11
2 19
3 18
4 17
6 15
7 14
8 13
10 11
11 10
1 19
3 17
4 16
5 15
6 14
7 13
9 11
11 9
1 18
2 17
4 15
5 14
6 13
8 11
9 10
10 9
11 8
1 17
3 15
5 13
7 11
9 9
11 7
2 15
3 14
4 13
6 11
7 10
8 9
10 7
11 6
1 15
3 13
4 12
5 11
6 10
7 9
8 8
9 7
11 5
1 14
2 13
4 11
5 10
6 9
8 7
9 6
10 5
11 4
1 13
3 11
5 9
6 8
7 7
9 5
10 4
11 3
1 12
2 11
3 10
4 9
6 7
7 6
8 5
9 4
10 3
11 2
1 11
3 9
4 8
5 7
7 5
8 4
9 3
11 1
1 10
2 9
4 7
5 6
6 5
7 4
8 3
10 1
1 9
2 8
3 7
5 5
6 4
7 3
9 1
2 7
3 6
4 5
5 4
6 3
8 1
1 7
3 5
4 4
5 3
7 1
1 6
2 5
3 4
4 3
6 1
1 5
2 4
3 3
5 1
1 4
2 3
4 1
1 3
3 1
2 1
1 1
1 0
42
11 31
11 30
11 29
11 28
11 27
11 26
11 25
11 24
11 23
11 22
11 21
11 20
11 19
11 18
11 17
11 16
11 15
11 14
11 13
11 12
11 11
11 10
11 9
11 8
11 7
11 6
11 5
11 4
11 3
11 2
11 1
10 1
9 1
8 1
7 1
6 1
5 1
4 1
3 1
2 1
1 1
1 0
