90
4 28
4 29
5 29
5 30
5 31
6 31
7 31
8 31
9 31
9 32
9 33
9 34
10 34
11 34
11 33
10 33
8 33
7 33
7 34
6 34
5 34
5 33
4 33
3 33
3 34
2 33
2 32
2 31
3 31
4 31
3 30
3 29
2 29
2 28
2 27
3 27
4 27
5 27
5 28
6 27
7 27
8 27
9 27
9 28
9 29
9 30
10 29
11 29
11 30
11 31
10 31
11 28
11 27
11 26
11 25
11 24
11 23
11 22
11 21
11 20
11 19
11 18
11 17
11 16
11 15
11 14
11 13
11 12
11 11
11 10
11 9
11 8
11 7
11 6
11 5
11 4
11 3
11 2
11 1
10 1
9 1
8 1
7 1
6 1
5 1
4 1
3 1
2 1
1 1
1 0
78
4 28
4 29
5 29
5 30
5 31
6 31
7 31
8 31
9 31
9 32
9 33
8 33
7 33
7 34
6 34
5 34
5 33
4 33
3 33
2 33
2 32
2 31
3 31
3 30
3 29
2 29
2 28
2 27
3 27
4 27
5 27
6 27
7 27
8 27
9 27
9 28
9 29
10 29
11 29
11 28
11 27
11 26
11 25
11 24
11 23
11 22
11 21
11 20
11 19
11 18
11 17
11 16
11 15
11 14
11 13
11 12
11 11
11 10
11 9
11 8
11 7
11 6
11 5
11 4
11 3
11 2
11 1
10 1
9 1
8 1
7 1
6 1
5 1
4 1
3 1
2 1
1 1
1 0
