1232
11 31
10 31
11 30
10 31
9 31
9 31
8 31
9 32
9 30
8 31
7 31
7 31
6 31
7 30
6 31
5 31
5 31
4 31
5 30
4 31
3 31
3 31
2 31
3 30
2 31
1 31
2 32
1 31
1 30
1 30
1 29
1 29
2 29
2 29
3 29
2 28
2 28
2 27
2 27
1 27
3 27
1 27
1 26
1 26
1 25
1 25
2 25
1 24
1 24
1 23
1 23
2 23
1 22
1 22
1 21
1 21
2 21
2 21
3 21
3 21
3 22
4 21
2 23
3 23
3 22
3 23
4 21
5 21
4 20
4 20
4 19
4 19
3 19
5 19
3 19
2 19
3 18
2 19
1 19
1 19
1 18
1 18
1 17
1 17
2 17
2 17
3 17
3 17
3 18
4 17
3 18
3 18
4 17
5 17
4 16
4 16
4 15
4 15
3 15
5 15
3 15
2 15
3 14
2 15
1 15
1 15
1 14
1 14
1 13
1 13
2 13
1 12
1 12
1 11
1 11
2 11
1 10
1 10
1 9
1 9
2 9
2 9
3 9
2 8
2 8
2 7
2 7
1 7
3 7
1 7
1 6
1 6
1 5
1 5
2 5
1 4
1 4
2 4
1 3
1 3
2 3
2 3
2 4
3 3
2 4
2 5
3 4
2 4
2 5
3 4
3 3
3 4
4 3
2 5
3 5
2 5
3 5
2 5
3 5
3 4
3 5
4 4
3 4
3 5
4 4
3 4
3 5
4 4
4 3
4 4
5 3
3 5
3 6
4 5
3 5
3 6
4 5
3 5
3 6
4 5
3 5
3 6
4 5
3 5
3 6
4 5
3 5
3 6
4 5
4 4
4 5
5 4
4 4
4 5
5 4
4 4
4 5
5 4
4 4
4 5
5 4
5 3
5 4
6 3
3 6
3 7
3 6
3 7
3 6
3 7
3 6
3 7
3 6
3 7
3 6
3 7
4 5
5 5
4 5
5 5
4 5
5 5
4 5
5 5
4 5
5 5
4 5
5 5
4 5
5 5
4 5
5 5
4 5
5 5
4 5
5 5
5 4
5 5
6 4
5 4
5 5
6 4
5 4
5 5
6 4
5 4
5 5
6 4
5 4
5 5
6 4
6 3
6 4
7 3
3 7
4 7
3 7
4 7
3 7
4 7
3 7
4 7
3 7
4 7
3 7
4 7
3 7
4 7
5 5
5 6
6 5
5 5
5 6
6 5
5 5
5 6
6 5
5 5
5 6
6 5
5 5
5 6
6 5
5 5
5 6
6 5
5 5
5 6
6 5
5 5
5 6
6 5
5 5
5 6
6 5
5 5
5 6
6 5
5 5
5 6
6 5
5 5
5 6
6 5
5 5
5 6
6 5
5 5
5 6
6 5
5 5
5 6
6 5
6 4
6 5
7 4
6 4
6 5
7 4
6 4
6 5
7 4
6 4
6 5
7 4
6 4
6 5
7 4
6 4
6 5
7 4
7 3
7 4
8 3
4 7
4 8
5 7
4 7
4 8
5 7
4 7
4 8
5 7
4 7
4 8
5 7
4 7
4 8
5 7
4 7
4 8
5 7
4 7
4 8
5 7
5 6
5 7
5 6
5 7
5 6
5 7
5 6
5 7
5 6
5 7
5 6
5 7
5 6
5 7
5 6
5 7
5 6
5 7
5 6
5 7
5 6
5 7
5 6
5 7
5 6
5 7
5 6
5 7
5 6
5 7
6 5
7 5
6 5
7 5
6 5
7 5
6 5
7 5
6 5
7 5
6 5
7 5
6 5
7 5
6 5
7 5
6 5
7 5
6 5
7 5
6 5
7 5
6 5
7 5
6 5
7 5
6 5
7 5
6 5
7 5
6 5
7 5
6 5
7 5
6 5
7 5
6 5
7 5
6 5
7 5
6 5
7 5
7 4
7 5
8 4
7 4
7 5
8 4
7 4
7 5
8 4
7 4
7 5
8 4
7 4
7 5
8 4
7 4
7 5
8 4
7 4
7 5
8 4
8 3
8 4
9 3
3 9
3 10
4 9
4 8
4 9
4 8
4 9
4 8
4 9
4 8
4 9
4 8
4 9
4 8
4 9
4 8
4 9
5 7
6 7
5 7
6 7
5 7
6 7
5 7
6 7
5 7
6 7
5 7
6 7
5 7
6 7
5 7
6 7
5 7
6 7
5 7
6 7
5 7
6 7
5 7
6 7
5 7
6 7
5 7
6 7
5 7
6 7
5 7
6 7
5 7
6 7
5 7
6 7
5 7
6 7
5 7
6 7
5 7
6 7
5 7
6 7
7 5
7 6
8 5
7 5
7 6
8 5
7 5
7 6
8 5
7 5
7 6
8 5
7 5
7 6
8 5
7 5
7 6
8 5
7 5
7 6
8 5
7 5
7 6
8 5
7 5
7 6
8 5
7 5
7 6
8 5
7 5
7 6
8 5
7 5
7 6
8 5
7 5
7 6
8 5
7 5
7 6
8 5
7 5
7 6
8 5
7 5
7 6
8 5
7 5
7 6
8 5
7 5
7 6
8 5
7 5
7 6
8 5
7 5
7 6
8 5
7 5
7 6
8 5
7 5
7 6
8 5
7 5
7 6
8 5
7 5
7 6
8 5
7 5
7 6
8 5
7 5
7 6
8 5
7 5
7 6
8 5
7 5
7 6
8 5
8 4
8 5
9 4
8 4
8 5
9 4
8 4
8 5
9 4
8 4
8 5
9 4
8 4
8 5
9 4
8 4
8 5
9 4
8 4
8 5
9 4
8 4
8 5
9 4
9 3
9 4
10 3
2 11
3 11
3 10
3 11
4 9
5 9
4 9
5 9
4 9
5 9
4 9
5 9
4 9
5 9
4 9
5 9
4 9
5 9
4 9
5 9
6 7
6 8
7 7
6 7
6 8
7 7
6 7
6 8
7 7
6 7
6 8
7 7
6 7
6 8
7 7
6 7
6 8
7 7
6 7
6 8
7 7
6 7
6 8
7 7
6 7
6 8
7 7
6 7
6 8
7 7
6 7
6 8
7 7
6 7
6 8
7 7
6 7
6 8
7 7
6 7
6 8
7 7
6 7
6 8
7 7
6 7
6 8
7 7
6 7
6 8
7 7
6 7
6 8
7 7
6 7
6 8
7 7
6 7
6 8
7 7
6 7
6 8
7 7
6 7
6 8
7 7
7 6
7 7
7 6
7 7
7 6
7 7
7 6
7 7
7 6
7 7
7 6
7 7
7 6
7 7
7 6
7 7
7 6
7 7
7 6
7 7
7 6
7 7
7 6
7 7
7 6
7 7
7 6
7 7
7 6
7 7
7 6
7 7
7 6
7 7
7 6
7 7
7 6
7 7
7 6
7 7
7 6
7 7
7 6
7 7
7 6
7 7
7 6
7 7
7 6
7 7
7 6
7 7
7 6
7 7
7 6
7 7
8 5
9 5
8 5
9 5
8 5
9 5
8 5
9 5
8 5
9 5
8 5
9 5
8 5
9 5
8 5
9 5
8 5
9 5
8 5
9 5
8 5
9 5
8 5
9 5
8 5
9 5
8 5
9 5
8 5
9 5
8 5
9 5
8 5
9 5
8 5
9 5
8 5
9 5
8 5
9 5
8 5
9 5
8 5
9 5
8 5
9 5
8 5
9 5
8 5
9 5
8 5
9 5
8 5
9 5
8 5
9 5
8 5
9 5
8 5
9 5
8 5
9 5
8 5
9 5
8 5
9 5
8 5
9 5
8 5
9 5
8 5
9 5
9 4
9 5
10 4
9 4
9 5
10 4
9 4
9 5
10 4
9 4
9 5
10 4
9 4
9 5
10 4
9 4
9 5
10 4
9 4
9 5
10 4
9 4
9 5
10 4
9 4
9 5
10 4
10 3
10 4
11 3
3 11
4 11
3 11
4 11
5 9
5 10
6 9
5 9
5 10
6 9
5 9
5 10
6 9
5 9
5 10
6 9
5 9
5 10
6 9
5 9
5 10
6 9
5 9
5 10
6 9
5 9
5 10
6 9
6 8
6 9
6 8
6 9
6 8
6 9
6 8
6 9
6 8
6 9
6 8
6 9
6 8
6 9
6 8
6 9
6 8
6 9
6 8
6 9
6 8
6 9
6 8
6 9
6 8
6 9
6 8
6 9
6 8
6 9
6 8
6 9
6 8
6 9
6 8
6 9
6 8
6 9
6 8
6 9
6 8
6 9
6 8
6 9
7 7
8 7
7 7
8 7
7 7
8 7
7 7
8 7
7 7
8 7
7 7
8 7
7 7
8 7
7 7
8 7
7 7
8 7
7 7
8 7
7 7
8 7
7 7
8 7
7 7
8 7
7 7
8 7
7 7
8 7
7 7
8 7
7 7
8 7
7 7
8 7
7 7
8 7
7 7
8 7
7 7
8 7
7 7
8 7
7 7
8 7
7 7
8 7
7 7
8 7
7 7
8 7
7 7
8 7
7 7
8 7
7 7
8 7
7 7
8 7
7 7
8 7
7 7
8 7
7 7
8 7
7 7
8 7
7 7
8 7
7 7
8 7
7 7
8 7
7 7
8 7
7 7
8 7
7 7
8 7
7 7
8 7
7 7
8 7
7 7
8 7
7 7
8 7
7 7
8 7
7 7
8 7
7 7
8 7
7 7
8 7
7 7
8 7
7 7
8 7
9 5
9 6
10 5
9 5
9 6
10 5
9 5
9 6
10 5
9 5
9 6
10 5
9 5
9 6
10 5
9 5
9 6
10 5
9 5
9 6
10 5
9 5
9 6
10 5
9 5
9 6
10 5
9 5
9 6
10 5
9 5
9 6
10 5
9 5
9 6
10 5
9 5
9 6
10 5
9 5
9 6
10 5
9 5
9 6
10 5
9 5
9 6
10 5
9 5
9 6
10 5
9 5
9 6
10 5
9 5
9 6
10 5
9 5
9 6
10 5
9 5
9 6
10 5
9 5
9 6
10 5
9 5
9 6
10 5
9 5
9 6
10 5
9 5
9 6
10 5
9 5
9 6
10 5
9 5
9 6
10 5
9 5
9 6
10 5
9 5
9 6
10 5
9 5
9 6
10 5
9 5
9 6
10 5
9 5
9 6
10 5
9 5
9 6
10 5
9 5
9 6
10 5
9 5
9 6
10 5
9 5
9 6
10 5
9 5
9 6
10 5
9 5
9 6
10 5
9 5
9 6
10 5
9 5
9 6
10 5
9 5
9 6
10 5
9 5
9 6
10 5
9 5
9 6
10 5
9 5
9 6
10 5
9 5
9 6
10 5
10 4
10 5
11 4
10 4
10 5
11 4
10 4
10 5
11 4
10 4
10 5
11 4
10 4
10 5
11 4
10 4
10 5
11 4
10 4
10 5
11 4
10 4
10 5
11 4
10 4
10 5
11 4
10 4
10 5
11 4
11 3
11 4
11 2
11 2
11 1
11 1
10 1
10 1
9 1
9 1
8 1
8 1
7 1
7 1
6 1
6 1
5 1
5 1
4 1
4 1
3 1
3 1
2 1
2 1
1 1
1 1
1 0
1 0
78
11 31
10 31
9 31
8 31
7 31
6 31
5 31
4 31
3 31
2 31
1 31
1 30
1 29
2 29
2 28
2 27
1 27
1 26
1 25
1 24
1 23
1 22
1 21
2 21
3 21
4 21
4 20
4 19
3 19
2 19
1 19
1 18
1 17
2 17
3 17
4 17
4 16
4 15
3 15
2 15
1 15
1 14
1 13
1 12
1 11
1 10
1 9
2 9
2 8
2 7
1 7
1 6
1 5
1 4
1 3
2 3
3 3
4 3
5 3
6 3
7 3
8 3
9 3
10 3
11 3
11 2
11 1
10 1
9 1
8 1
7 1
6 1
5 1
4 1
3 1
2 1
1 1
1 0
