2701
8 18
8 19
9 18
8 17
7 18
6 18
9 17
8 20
9 17
6 17
9 20
7 20
10 17
9 16
10 17
9 16
5 17
6 20
9 15
9 15
10 20
11 17
11 17
5 16
4 17
6 21
5 20
9 14
8 15
9 14
8 15
11 20
10 19
11 18
11 16
11 18
11 16
3 17
5 15
5 19
4 20
6 22
8 14
7 15
8 14
7 15
10 14
8 14
10 14
8 14
11 19
12 16
11 15
12 16
11 15
11 19
11 19
11 21
11 19
3 18
4 19
5 14
4 19
7 22
5 22
7 14
7 14
7 14
7 14
7 14
7 14
11 14
10 13
11 14
10 13
12 15
11 14
12 15
11 14
12 19
12 19
12 19
12 19
12 21
13 16
12 15
13 16
12 15
3 19
3 19
3 19
6 14
5 13
4 14
5 23
4 22
6 14
6 14
6 14
6 14
6 14
6 14
7 23
8 22
10 12
10 12
12 14
12 14
12 14
12 14
12 14
12 14
12 14
12 14
13 19
13 19
13 19
13 19
12 22
13 21
13 17
14 16
13 17
14 16
4 13
4 23
3 22
6 13
4 13
4 23
6 13
6 13
6 13
6 13
6 13
6 13
6 13
8 23
8 23
9 22
11 12
9 12
11 12
9 12
13 14
13 14
13 14
13 14
13 14
13 14
13 14
13 14
13 22
14 17
14 17
13 20
14 19
13 20
14 19
13 20
14 19
13 20
14 19
13 22
13 20
14 17
15 16
14 15
14 17
15 16
14 15
3 21
2 22
4 12
3 13
4 12
3 13
6 12
6 12
6 12
6 12
6 12
6 12
6 12
6 12
8 12
8 12
10 22
12 12
11 11
12 12
11 11
14 14
14 14
14 14
14 14
14 14
14 14
14 14
14 14
14 20
14 20
14 20
14 20
14 20
13 23
14 22
13 23
14 22
15 15
14 14
15 15
14 14
15 17
15 17
15 17
15 17
14 20
15 19
14 20
15 19
14 20
15 19
14 20
15 19
15 17
15 15
15 17
15 15
2 23
1 22
2 13
2 13
7 12
6 11
7 12
6 11
7 12
6 11
7 12
6 11
7 12
6 11
7 12
6 11
7 12
6 11
7 12
6 11
7 12
7 12
11 10
11 10
13 12
13 12
13 24
14 23
13 24
14 23
15 14
14 13
15 14
14 13
15 14
14 13
15 14
14 13
15 14
14 13
15 14
14 13
15 14
14 13
15 14
14 13
15 14
14 13
15 14
14 13
15 20
15 20
15 20
15 20
15 20
15 20
15 20
15 20
15 20
14 23
15 22
14 23
15 22
15 14
15 14
15 14
15 14
15 20
15 20
15 20
15 20
1 23
2 14
2 12
1 13
2 14
2 12
1 13
2 24
1 23
6 10
6 10
6 10
6 10
6 10
6 10
6 10
6 10
12 10
11 9
10 10
12 10
11 9
10 10
14 12
13 11
14 12
13 11
13 25
12 24
13 25
12 24
14 12
14 12
14 12
14 12
14 12
14 12
14 12
14 12
14 12
14 12
15 23
15 23
15 23
15 23
15 23
15 23
1 14
1 14
1 24
1 24
2 11
2 11
1 14
1 14
2 25
1 24
7 10
6 9
5 10
7 10
6 9
5 10
7 10
6 9
5 10
7 10
6 9
5 10
7 10
6 9
5 10
7 10
6 9
5 10
7 10
6 9
5 10
7 10
6 9
5 10
9 10
9 10
12 9
11 8
12 9
11 8
13 10
12 9
13 10
12 9
12 25
11 24
12 25
11 24
14 11
13 10
14 11
13 10
13 26
14 25
12 25
13 26
14 25
12 25
15 12
14 11
15 12
14 11
15 12
14 11
15 12
14 11
15 12
14 11
15 12
14 11
15 12
14 11
15 12
14 11
15 12
14 11
15 12
14 11
15 12
14 11
15 12
14 11
1 15
1 15
1 15
1 15
1 25
1 25
1 25
3 11
2 10
3 11
2 10
3 25
1 25
5 9
5 9
5 9
5 9
5 9
5 9
5 9
5 9
7 9
5 9
7 9
5 9
7 9
5 9
7 9
5 9
7 9
5 9
7 9
5 9
7 9
5 9
7 9
5 9
8 10
7 9
8 10
7 9
8 10
7 9
8 10
7 9
8 10
7 9
8 10
7 9
8 10
7 9
8 10
7 9
8 10
8 10
11 7
10 8
11 7
10 8
11 25
11 25
13 9
13 9
13 9
13 9
11 25
11 25
11 25
11 25
14 10
13 9
14 10
13 9
14 10
13 9
14 10
13 9
14 26
14 26
14 10
14 10
14 10
14 10
14 10
14 10
14 10
14 10
14 10
14 10
14 10
14 10
14 10
14 10
14 26
15 25
14 26
15 25
1 16
1 16
1 16
1 16
1 26
1 26
1 26
1 26
3 10
2 9
1 10
3 10
2 9
1 10
3 10
3 10
4 25
4 9
4 9
4 9
4 9
4 9
4 9
4 9
4 9
4 9
4 9
4 9
4 9
4 9
4 9
4 9
4 9
8 9
8 9
8 9
8 9
8 9
8 9
8 9
8 9
8 9
8 9
8 9
8 9
8 9
8 9
8 9
8 9
8 9
8 9
8 9
8 9
8 9
8 9
8 9
8 9
8 9
8 9
9 8
9 8
12 7
11 6
12 7
11 6
11 26
10 25
11 26
10 25
11 26
10 25
11 26
10 25
11 26
10 25
11 26
10 25
14 9
13 8
14 9
13 8
14 9
13 8
14 9
13 8
14 9
13 8
14 9
13 8
14 9
13 8
14 9
13 8
15 10
14 9
15 10
14 9
15 10
14 9
15 10
14 9
15 10
14 9
15 10
14 9
15 10
14 9
15 10
14 9
15 10
14 9
15 10
14 9
15 10
14 9
15 10
14 9
15 10
14 9
15 10
14 9
15 10
14 9
15 10
14 9
15 10
14 9
15 10
14 9
15 26
15 26
15 26
15 26
15 26
15 26
1 17
2 16
1 17
2 16
1 17
2 16
1 17
2 16
1 27
1 27
1 27
1 27
3 9
2 8
3 9
2 8
3 9
3 9
3 9
3 9
3 9
3 9
3 9
3 9
3 9
3 9
3 9
3 9
3 9
3 9
3 9
3 9
3 9
3 9
3 9
3 9
4 26
5 25
8 8
8 8
8 8
8 8
8 8
8 8
8 8
8 8
8 8
8 8
8 8
8 8
8 8
8 8
8 8
8 8
8 8
8 8
8 8
8 8
8 8
8 8
8 8
8 8
8 8
8 8
9 7
8 8
9 7
8 8
10 26
9 25
10 26
9 25
10 26
9 25
10 26
9 25
10 26
9 25
10 26
9 25
12 6
11 5
12 6
11 5
11 27
10 26
11 27
10 26
11 27
10 26
11 27
10 26
11 27
10 26
11 27
10 26
13 7
12 6
13 7
12 6
13 7
13 7
13 7
13 7
13 7
13 7
13 7
13 7
15 9
15 9
15 9
15 9
15 9
15 9
15 9
15 9
15 9
15 9
15 9
15 9
15 9
15 9
15 9
15 9
15 9
15 9
15 9
15 9
15 9
15 9
15 9
15 9
15 9
15 9
15 9
15 9
15 9
15 9
15 9
15 9
15 9
15 9
15 9
15 9
15 9
15 9
15 9
15 9
15 9
15 9
15 9
15 9
1 18
1 18
1 18
1 18
1 28
1 28
1 28
1 28
2 7
2 7
4 27
6 25
8 7
8 7
8 7
8 7
8 7
8 7
8 7
8 7
8 7
8 7
8 7
8 7
8 7
8 7
8 7
8 7
8 7
8 7
8 7
8 7
8 7
8 7
8 7
8 7
8 7
8 7
8 7
8 7
8 7
8 7
9 26
8 25
9 26
8 25
9 26
8 25
9 26
8 25
9 26
8 25
9 26
8 25
9 26
9 26
9 26
9 26
9 26
9 26
9 26
9 26
9 26
9 26
9 26
9 26
10 5
10 5
12 27
12 27
12 27
12 27
12 27
12 27
13 6
13 6
13 6
13 6
14 7
13 6
14 7
13 6
14 7
13 6
14 7
13 6
14 7
13 6
14 7
13 6
14 7
13 6
14 7
13 6
14 7
13 6
14 7
13 6
15 8
15 8
15 8
15 8
15 8
15 8
15 8
15 8
15 8
15 8
15 8
15 8
15 8
15 8
15 8
15 8
15 8
15 8
15 8
15 8
15 8
15 8
15 8
15 8
15 8
15 8
15 8
15 8
15 8
15 8
15 8
15 8
15 8
15 8
15 8
15 8
15 8
15 8
15 8
15 8
15 8
15 8
15 8
15 8
1 19
1 19
1 19
1 19
1 29
1 29
1 29
1 29
3 7
1 7
3 7
1 7
4 28
3 27
7 25
6 24
8 6
8 6
8 6
8 6
8 6
8 6
8 6
8 6
8 6
8 6
8 6
8 6
8 6
8 6
8 6
8 6
8 6
8 6
8 6
8 6
8 6
8 6
8 6
8 6
8 6
8 6
8 6
8 6
8 6
8 6
8 26
7 25
8 26
7 25
8 26
7 25
8 26
7 25
8 26
7 25
8 26
7 25
8 26
8 26
8 26
8 26
8 26
8 26
8 26
8 26
8 26
8 26
8 26
8 26
8 26
8 26
8 26
8 26
8 26
8 26
9 5
9 5
12 28
12 28
12 28
12 28
12 28
12 28
14 6
14 6
14 6
14 6
14 6
14 6
14 6
14 6
14 6
14 6
14 6
14 6
14 6
14 6
15 7
14 6
15 7
14 6
15 7
14 6
15 7
14 6
15 7
14 6
15 7
14 6
15 7
14 6
15 7
14 6
15 7
14 6
15 7
14 6
15 7
15 7
15 7
15 7
15 7
15 7
15 7
15 7
15 7
15 7
15 7
15 7
15 7
15 7
15 7
15 7
15 7
15 7
15 7
15 7
15 7
15 7
15 7
15 7
15 7
15 7
15 7
15 7
15 7
15 7
15 7
15 7
15 7
15 7
15 7
15 7
15 7
15 7
15 7
15 7
15 7
15 7
15 7
15 7
1 6
1 6
1 20
1 20
1 20
1 20
1 30
2 29
1 30
2 29
1 30
2 29
1 30
2 29
4 7
3 6
4 7
3 6
3 28
4 29
3 28
8 5
7 6
8 5
7 6
8 5
7 6
8 5
7 6
8 5
7 6
8 5
7 6
8 5
7 6
8 5
7 6
8 5
7 6
8 5
7 6
8 5
7 6
8 5
7 6
8 5
7 6
8 5
7 6
8 5
7 6
8 5
7 6
8 5
7 6
8 5
7 6
8 5
7 6
8 5
7 6
8 5
7 6
8 5
7 6
8 5
7 6
8 5
7 6
8 5
7 6
8 5
7 6
8 5
7 6
8 5
7 6
8 5
7 6
8 5
7 6
8 27
8 27
8 27
8 27
8 27
8 27
8 27
8 27
8 27
8 27
8 27
8 27
8 27
8 27
8 27
8 27
8 27
8 27
8 27
8 27
8 27
8 27
8 27
8 27
9 4
8 5
9 4
8 5
12 29
13 28
12 29
13 28
12 29
13 28
12 29
13 28
12 29
13 28
12 29
13 28
15 6
14 5
15 6
14 5
15 6
14 5
15 6
14 5
15 6
14 5
15 6
14 5
15 6
14 5
15 6
14 5
15 6
14 5
15 6
14 5
15 6
14 5
15 6
14 5
15 6
14 5
15 6
14 5
15 6
14 5
15 6
14 5
15 6
14 5
15 6
14 5
15 6
14 5
15 6
14 5
15 6
14 5
15 6
14 5
15 6
14 5
15 6
14 5
15 6
15 6
15 6
15 6
15 6
15 6
15 6
15 6
15 6
15 6
15 6
15 6
15 6
15 6
15 6
15 6
15 6
15 6
15 6
15 6
15 6
15 6
15 6
15 6
15 6
15 6
15 6
15 6
15 6
15 6
15 6
15 6
15 6
15 6
15 6
15 6
15 6
15 6
15 6
15 6
15 6
15 6
15 6
15 6
15 6
15 6
15 6
15 6
15 6
15 6
15 6
15 6
15 6
15 6
1 5
1 5
1 31
2 30
1 31
2 30
1 31
2 30
1 31
2 30
2 30
3 29
2 30
3 29
2 30
3 29
2 30
3 29
3 5
3 5
3 29
3 29
5 7
5 7
5 29
3 29
8 28
7 27
8 28
7 27
8 28
7 27
8 28
7 27
8 28
7 27
8 28
7 27
8 28
7 27
8 28
7 27
8 28
7 27
8 28
7 27
8 28
7 27
8 28
7 27
8 28
7 27
8 28
7 27
8 28
7 27
8 28
7 27
8 28
7 27
8 28
7 27
8 28
7 27
8 28
7 27
8 28
7 27
8 28
7 27
8 28
7 27
8 28
7 27
12 30
13 29
11 29
12 30
13 29
11 29
12 30
13 29
11 29
12 30
13 29
11 29
12 30
13 29
11 29
12 30
13 29
11 29
13 29
14 28
13 29
14 28
13 29
14 28
13 29
14 28
13 29
14 28
13 29
14 28
2 5
2 5
2 31
2 31
2 31
2 31
2 31
2 31
2 31
2 31
2 31
2 31
2 31
2 31
4 5
2 5
4 5
2 5
6 7
5 6
6 7
5 6
5 30
6 29
6 27
6 27
6 27
6 27
6 27
6 27
6 27
6 27
6 27
6 27
6 27
6 27
6 27
6 27
6 27
6 27
6 27
6 27
6 27
6 27
6 27
6 27
6 27
6 27
8 29
9 28
8 29
9 28
8 29
9 28
8 29
9 28
8 29
9 28
8 29
9 28
8 29
9 28
8 29
9 28
8 29
9 28
8 29
9 28
8 29
9 28
8 29
9 28
8 29
9 28
8 29
9 28
8 29
9 28
8 29
9 28
8 29
9 28
8 29
9 28
8 29
9 28
8 29
9 28
8 29
9 28
8 29
9 28
8 29
9 28
8 29
9 28
11 30
10 29
11 30
10 29
11 30
10 29
11 30
10 29
11 30
10 29
11 30
10 29
12 31
11 30
12 31
11 30
12 31
11 30
12 31
11 30
12 31
11 30
12 31
11 30
14 29
14 29
14 29
14 29
14 29
14 29
14 29
14 29
14 29
14 29
14 29
14 29
14 29
15 28
14 29
15 28
14 29
15 28
14 29
15 28
14 29
15 28
14 29
15 28
5 5
4 4
5 5
4 4
5 5
5 5
6 30
6 30
7 29
8 30
9 29
7 29
8 30
9 29
7 29
8 30
9 29
7 29
8 30
9 29
7 29
8 30
9 29
7 29
8 30
9 29
7 29
8 30
9 29
7 29
8 30
9 29
7 29
8 30
9 29
7 29
8 30
9 29
7 29
8 30
9 29
7 29
8 30
9 29
7 29
8 30
9 29
7 29
8 30
9 29
7 29
8 30
9 29
7 29
8 30
9 29
7 29
8 30
9 29
7 29
8 30
9 29
7 29
8 30
9 29
7 29
8 30
9 29
7 29
8 30
9 29
7 29
8 30
9 29
7 29
8 30
9 29
7 29
8 30
9 29
7 29
9 29
10 28
9 29
10 28
9 29
10 28
9 29
10 28
9 29
10 28
9 29
10 28
9 29
10 28
9 29
10 28
9 29
10 28
9 29
10 28
9 29
10 28
9 29
10 28
9 29
10 28
9 29
10 28
9 29
10 28
9 29
10 28
9 29
10 28
9 29
10 28
9 29
10 28
9 29
10 28
9 29
10 28
9 29
10 28
9 29
10 28
9 29
10 28
10 30
10 28
9 29
10 30
10 28
9 29
10 30
10 28
9 29
10 30
10 28
9 29
10 30
10 28
9 29
10 30
10 28
9 29
11 31
10 30
11 31
10 30
11 31
10 30
11 31
10 30
11 31
10 30
11 31
10 30
11 31
10 30
11 31
10 30
11 31
10 30
11 31
10 30
11 31
10 30
11 31
10 30
13 31
11 31
13 31
11 31
13 31
11 31
13 31
11 31
13 31
11 31
13 31
11 31
15 29
15 29
15 29
15 29
15 29
15 29
15 29
15 29
15 29
15 29
15 29
15 29
15 29
15 29
15 29
15 29
15 29
15 29
15 29
15 29
15 29
15 29
15 29
15 29
4 3
4 3
6 5
6 5
6 5
6 5
7 30
7 30
7 30
7 30
7 30
7 30
7 30
7 30
7 30
7 30
7 30
7 30
7 30
7 30
7 30
7 30
7 30
7 30
7 30
7 30
7 30
7 30
7 30
7 30
7 30
7 30
7 30
9 30
7 30
9 30
7 30
9 30
7 30
9 30
7 30
9 30
7 30
9 30
7 30
9 30
7 30
9 30
7 30
9 30
7 30
9 30
7 30
9 30
7 30
9 30
7 30
9 30
7 30
9 30
7 30
9 30
7 30
9 30
7 30
9 30
7 30
9 30
7 30
9 30
7 30
9 30
7 30
9 30
7 30
9 30
7 30
9 30
7 30
9 30
7 30
9 30
9 30
9 30
9 30
9 30
9 30
9 30
9 30
9 30
9 30
9 30
9 30
9 30
9 30
9 30
9 30
9 30
9 30
9 30
9 30
9 30
9 30
9 30
9 30
9 30
9 30
9 30
9 30
9 30
9 30
9 30
9 30
9 30
9 30
9 30
9 30
9 30
9 30
9 30
9 30
9 30
9 30
9 30
9 30
9 30
9 30
9 30
9 30
9 30
9 30
9 30
9 30
9 30
9 30
9 30
9 30
9 30
9 30
9 30
9 30
9 30
9 30
9 30
9 30
9 30
9 30
9 30
9 30
9 30
9 30
9 30
9 30
11 32
11 32
11 32
11 32
11 32
11 32
11 32
11 32
11 32
11 32
11 32
11 32
11 32
11 32
11 32
11 32
11 32
11 32
13 32
14 31
13 32
14 31
13 32
14 31
13 32
14 31
13 32
14 31
13 32
14 31
5 3
3 3
5 3
3 3
6 4
6 4
6 4
6 4
7 31
7 31
7 31
7 31
7 31
7 31
7 31
7 31
7 31
7 31
7 31
7 31
7 31
7 31
7 31
7 31
7 31
7 31
7 31
7 31
7 31
7 31
7 31
7 31
7 31
7 31
7 31
7 31
7 31
7 31
7 31
7 31
7 31
7 31
7 31
7 31
7 31
7 31
7 31
7 31
7 31
7 31
7 31
7 31
7 31
7 31
7 31
7 31
7 31
7 31
7 31
9 31
9 31
9 31
9 31
9 31
9 31
9 31
9 31
9 31
9 31
9 31
9 31
9 31
9 31
9 31
9 31
9 31
9 31
9 31
9 31
9 31
9 31
9 31
9 31
9 31
9 31
9 31
9 31
9 31
9 31
9 31
9 31
9 31
9 31
9 31
9 31
9 31
9 31
9 31
9 31
9 31
9 31
9 31
9 31
9 31
9 31
9 31
9 31
9 31
9 31
9 31
9 31
9 31
9 31
9 31
9 31
9 31
9 31
9 31
9 31
9 31
9 31
9 31
9 31
9 31
9 31
9 31
9 31
9 31
9 31
9 31
9 31
9 31
9 31
9 31
9 31
9 31
9 31
9 31
9 31
9 31
9 31
9 31
9 31
9 31
9 31
9 31
9 31
9 31
9 31
9 31
9 31
9 31
9 31
9 31
9 31
11 33
10 32
11 33
10 32
11 33
10 32
11 33
10 32
11 33
10 32
11 33
10 32
11 33
10 32
11 33
10 32
11 33
10 32
11 33
10 32
11 33
10 32
11 33
10 32
11 33
10 32
11 33
10 32
11 33
10 32
11 33
10 32
11 33
10 32
11 33
10 32
15 31
15 31
15 31
15 31
15 31
15 31
2 3
2 3
6 3
5 2
6 3
5 2
6 3
6 3
6 3
6 3
10 33
10 33
10 33
10 33
10 33
10 33
10 33
10 33
10 33
10 33
10 33
10 33
10 33
10 33
10 33
10 33
10 33
10 33
11 34
10 33
11 34
10 33
11 34
10 33
11 34
10 33
11 34
10 33
11 34
10 33
11 34
10 33
11 34
10 33
11 34
10 33
11 34
10 33
11 34
10 33
11 34
10 33
11 34
10 33
11 34
10 33
11 34
10 33
11 34
10 33
11 34
10 33
11 34
10 33
15 32
15 32
15 32
15 32
15 32
15 32
2 2
1 3
2 2
1 3
5 1
5 1
7 3
7 3
7 3
7 3
7 3
7 3
9 33
9 33
9 33
9 33
9 33
9 33
9 33
9 33
9 33
9 33
9 33
9 33
9 33
9 33
9 33
9 33
9 33
9 33
9 33
9 33
9 33
9 33
9 33
9 33
9 33
9 33
9 33
9 33
9 33
9 33
9 33
9 33
9 33
9 33
9 33
9 33
15 33
15 33
15 33
15 33
15 33
15 33
1 2
1 2
2 1
1 2
2 1
1 2
6 1
4 1
6 1
4 1
8 3
8 3
8 3
8 3
8 3
8 3
9 34
8 33
9 34
8 33
9 34
8 33
9 34
8 33
9 34
8 33
9 34
8 33
9 34
8 33
9 34
8 33
9 34
8 33
9 34
8 33
9 34
8 33
9 34
8 33
9 34
8 33
9 34
8 33
9 34
8 33
9 34
8 33
9 34
8 33
9 34
8 33
9 34
8 33
9 34
8 33
9 34
8 33
9 34
8 33
9 34
8 33
9 34
8 33
9 34
8 33
9 34
8 33
9 34
8 33
9 34
8 33
9 34
8 33
9 34
8 33
9 34
8 33
9 34
8 33
9 34
8 33
9 34
8 33
9 34
8 33
9 34
8 33
15 34
14 33
15 34
14 33
15 34
14 33
15 34
14 33
15 34
14 33
15 34
14 33
1 1
1 1
1 1
1 1
3 1
1 1
3 1
1 1
3 1
3 1
7 1
7 1
8 2
8 2
8 2
8 2
8 2
8 2
8 34
8 32
7 33
8 34
8 32
7 33
8 34
8 32
7 33
8 34
8 32
7 33
8 34
8 32
7 33
8 34
8 32
7 33
8 34
8 32
7 33
8 34
8 32
7 33
8 34
8 32
7 33
8 34
8 32
7 33
8 34
8 32
7 33
8 34
8 32
7 33
8 34
8 32
7 33
8 34
8 32
7 33
8 34
8 32
7 33
8 34
8 32
7 33
8 34
8 32
7 33
8 34
8 32
7 33
8 34
8 32
7 33
8 34
8 32
7 33
8 34
8 32
7 33
8 34
8 32
7 33
8 34
8 32
7 33
8 34
8 32
7 33
8 34
8 32
7 33
8 34
8 32
7 33
8 34
8 32
7 33
8 34
8 32
7 33
8 34
8 32
7 33
8 34
8 32
7 33
8 34
8 32
7 33
8 34
8 32
7 33
8 34
8 32
7 33
8 34
8 32
7 33
8 34
8 32
7 33
8 34
8 32
7 33
8 34
8 34
8 34
8 34
8 34
8 34
8 34
8 34
8 34
8 34
8 34
8 34
8 34
8 34
8 34
8 34
8 34
8 34
8 34
8 34
8 34
8 34
8 34
8 34
8 34
8 34
8 34
8 34
8 34
8 34
8 34
8 34
8 34
8 34
8 34
8 34
14 34
14 34
14 34
14 34
14 34
14 34
14 34
14 34
14 34
14 34
14 34
14 34
1 0
1 0
1 0
1 0
1 0
1 0
8 1
8 1
7 34
7 34
7 34
7 34
7 34
7 34
7 34
7 34
7 34
7 34
7 34
7 34
7 34
7 34
7 34
7 34
7 34
7 34
7 34
7 34
7 34
7 34
7 34
7 34
7 34
7 34
7 34
7 34
7 34
7 34
7 34
7 34
7 34
7 34
7 34
7 34
9 2
8 1
9 2
8 1
9 2
8 1
9 2
8 1
9 2
8 1
9 2
8 1
7 34
7 34
7 34
7 34
7 34
7 34
7 34
7 34
7 34
7 34
7 34
7 34
7 34
7 34
7 34
7 34
7 34
7 34
7 34
7 34
7 34
7 34
7 34
7 34
7 34
7 34
7 34
7 34
7 34
7 34
7 34
7 34
7 34
7 34
7 34
7 34
7 34
7 34
7 34
7 34
7 34
7 34
7 34
7 34
7 34
7 34
7 34
7 34
7 34
7 34
7 34
7 34
7 34
7 34
7 34
7 34
7 34
7 34
7 34
7 34
7 34
7 34
7 34
7 34
7 34
7 34
7 34
7 34
7 34
7 34
7 34
7 34
30
8 18
7 18
6 18
6 17
5 17
5 16
5 15
5 14
4 14
4 13
3 13
2 13
2 12
2 11
2 10
2 9
2 8
2 7
3 7
3 6
3 5
4 5
4 4
4 3
3 3
2 3
1 3
1 2
1 1
1 0
