1251
8 30
8 29
8 28
8 27
9 27
9 26
9 25
9 24
9 23
9 22
9 28
9 29
10 23
10 24
10 25
10 27
10 29
7 27
7 26
7 25
7 29
7 30
8 22
8 23
8 25
8 31
9 31
10 30
10 31
11 24
11 25
11 29
11 28
6 25
6 26
6 27
6 29
6 30
7 23
7 31
8 32
9 32
10 32
11 26
11 30
11 31
12 24
12 25
5 25
5 24
5 23
5 22
5 21
5 20
5 19
5 18
5 17
5 16
5 15
5 26
5 27
5 29
5 28
5 30
6 16
6 17
6 18
6 19
6 21
6 22
6 23
6 31
7 16
7 15
7 14
7 17
7 18
7 19
7 21
7 20
7 32
8 14
8 13
8 15
8 16
8 17
8 18
8 19
8 20
8 33
9 13
9 12
9 11
9 14
9 16
9 17
9 18
9 19
9 20
9 33
10 11
10 10
10 9
10 8
10 13
10 16
10 17
10 19
10 20
11 32
12 26
12 31
13 24
13 23
13 25
4 15
4 14
4 13
4 17
4 19
4 20
4 21
4 23
4 26
4 27
4 30
5 13
6 13
6 12
6 11
6 14
6 32
7 11
7 10
7 12
8 10
8 11
9 8
9 7
9 6
9 5
9 9
10 5
10 5
10 6
9 5
9 6
9 7
9 8
9 9
10 8
10 9
10 10
10 11
11 8
11 9
11 10
11 11
12 8
13 8
13 9
13 10
13 11
13 12
13 13
13 14
13 15
13 16
14 8
14 10
14 11
14 12
14 13
14 16
14 17
14 18
14 19
14 20
15 8
15 9
15 10
15 11
15 12
15 16
15 17
15 19
16 8
16 9
16 10
16 11
16 12
16 13
16 16
17 9
17 13
17 14
17 15
17 16
17 17
17 18
17 19
17 20
17 20
17 21
16 21
15 21
15 22
14 22
14 23
13 23
13 24
13 25
13 26
14 24
14 25
14 26
16 22
16 23
17 22
17 23
17 24
17 25
17 26
16 26
15 26
15 27
16 27
16 28
17 27
12 24
12 25
12 26
12 27
15 25
17 19
18 20
18 21
18 22
18 23
18 24
18 25
18 26
18 27
18 28
18 29
17 29
11 24
11 25
11 26
17 18
16 18
17 30
16 30
18 30
10 24
10 25
16 31
15 31
17 17
17 31
18 18
18 31
9 24
9 25
9 26
9 27
9 28
9 29
10 23
10 27
10 29
11 29
15 32
14 32
16 32
17 16
16 16
15 16
14 16
13 16
14 17
14 18
13 18
13 19
13 20
14 19
14 20
15 17
17 32
8 25
8 27
8 28
8 29
9 23
10 30
11 28
11 30
12 16
12 18
12 20
12 21
12 22
13 15
15 15
15 19
15 33
16 15
16 33
17 15
18 16
7 25
7 26
7 27
7 29
8 23
8 30
9 22
10 31
11 20
11 21
11 22
11 31
12 15
12 31
13 14
13 31
13 30
13 29
13 29
13 30
13 28
13 31
12 31
11 31
10 31
9 31
8 31
7 31
6 31
6 30
5 30
4 30
3 30
3 30
3 30
3 31
4 30
5 30
6 30
6 31
7 30
7 31
8 30
8 31
9 31
10 31
11 31
12 31
13 31
2 30
2 31
3 29
5 29
6 29
6 32
7 29
7 32
8 29
8 32
9 29
9 32
10 29
10 30
10 32
11 29
11 30
11 32
12 32
13 30
14 30
1 31
2 29
2 32
5 28
5 32
6 33
8 28
8 33
9 28
9 33
11 28
11 33
13 29
14 29
15 29
1 29
1 32
2 28
2 33
3 33
4 32
4 33
5 27
6 27
7 27
8 27
9 27
10 27
13 28
14 28
1 33
4 27
5 26
6 26
7 26
9 26
3 27
4 26
5 25
6 25
7 25
8 25
9 25
10 25
11 25
11 26
12 25
12 26
12 27
13 25
13 26
14 25
14 26
15 25
15 26
15 27
3 26
5 24
9 24
10 24
11 24
12 24
13 24
14 24
16 26
16 27
16 28
3 25
5 23
6 23
7 23
8 23
9 23
10 23
13 23
14 23
17 26
17 27
3 24
4 23
5 22
6 22
8 22
9 22
14 22
15 22
17 25
18 26
18 27
18 28
18 29
17 29
17 30
16 30
16 31
15 31
15 31
15 32
15 33
15 33
15 32
14 32
15 31
16 32
16 33
16 31
17 32
16 30
17 31
17 30
18 31
17 29
18 30
18 29
18 28
18 27
17 27
16 27
15 27
16 28
15 26
14 26
13 26
12 26
11 26
12 27
16 26
17 26
18 26
11 25
10 25
9 25
8 25
7 25
6 25
5 25
5 26
4 26
4 27
5 27
5 28
5 29
5 30
4 30
6 26
6 27
7 26
7 27
9 26
9 27
8 27
8 28
8 29
7 29
6 29
6 30
6 31
6 32
5 32
4 32
4 32
4 33
3 33
2 33
1 33
1 32
1 31
1 31
2 31
2 30
2 29
2 28
3 29
3 30
3 31
1 29
1 32
2 32
4 30
1 33
2 33
3 33
5 30
5 29
5 28
5 27
4 27
3 27
3 26
3 25
3 24
4 26
5 26
5 25
5 24
5 23
4 23
5 22
5 21
4 21
3 21
3 20
3 20
4 20
5 20
5 20
5 21
5 22
5 23
5 24
5 25
5 26
5 27
6 21
6 22
6 23
6 25
6 26
6 27
6 27
5 27
4 27
3 27
3 26
3 25
3 24
4 26
5 26
5 25
5 24
5 23
4 23
5 22
5 21
4 21
3 21
3 20
2 20
1 20
4 20
4 19
5 20
5 19
5 18
5 17
4 17
5 16
5 15
4 15
4 14
4 13
3 13
2 13
1 13
1 12
1 11
1 11
2 11
2 10
3 10
3 10
2 10
2 9
2 8
2 7
2 7
2 8
2 9
2 10
2 11
2 12
2 13
3 9
3 10
3 12
3 13
4 9
4 10
4 13
4 14
4 15
5 10
5 11
5 13
5 15
5 16
5 17
6 11
6 12
6 13
6 14
6 16
6 17
6 17
5 17
4 17
5 16
5 15
4 15
4 14
4 14
4 13
4 15
5 13
5 15
6 13
6 14
7 14
8 14
9 14
3 13
5 16
6 12
6 16
7 12
7 15
7 16
8 13
8 15
8 16
9 13
9 16
10 13
10 16
2 13
3 12
5 17
6 11
6 17
7 11
7 17
8 11
8 17
9 11
9 12
9 17
10 11
10 17
11 11
11 17
1 13
1 14
2 12
4 17
5 11
5 18
6 18
7 10
7 18
8 10
8 18
9 18
10 10
11 10
1 12
2 11
5 10
5 19
6 19
7 19
8 19
9 19
10 9
10 19
11 9
11 19
1 11
2 10
3 10
4 10
4 19
5 20
7 20
8 20
9 9
9 20
10 8
10 20
11 8
11 20
12 8
12 20
13 8
13 9
13 10
13 11
13 12
13 13
13 14
13 20
13 19
13 18
14 8
14 10
14 11
14 12
14 13
14 18
14 17
14 16
14 19
14 20
15 8
15 9
15 10
15 11
15 12
15 16
15 15
15 14
15 17
15 19
16 8
16 9
16 10
16 11
16 12
16 13
16 15
16 16
17 9
17 13
17 14
17 15
17 16
18 9
18 10
18 11
18 12
18 14
18 14
17 14
17 13
16 13
16 12
15 12
14 12
13 12
12 12
13 11
13 10
13 9
14 11
14 10
15 11
15 10
15 9
16 11
16 10
16 9
12 13
13 8
12 8
11 8
10 8
9 8
8 8
7 8
6 8
5 8
9 9
10 9
11 9
13 13
14 13
15 8
14 8
16 8
17 9
17 15
16 15
15 15
15 14
5 7
4 7
6 7
7 7
8 7
9 7
10 10
11 7
11 10
12 7
12 14
11 14
13 14
14 7
15 7
15 16
14 16
13 16
12 16
12 15
11 15
13 15
16 7
16 16
17 16
18 9
6 6
7 6
8 6
9 6
10 11
9 11
8 11
7 11
6 11
5 11
5 10
4 10
3 10
2 10
2 9
1 9
1 9
2 9
2 8
2 7
2 6
2 5
2 4
2 3
2 2
3 3
3 4
3 5
3 9
4 4
4 5
4 9
1 2
1 3
1 5
1 6
1 7
2 10
3 10
4 10
5 10
2 11
5 11
6 11
7 11
7 10
8 10
8 11
9 11
10 11
10 10
10 9
10 8
11 8
11 7
11 9
11 10
11 11
1 11
2 12
3 12
6 12
7 12
9 8
9 7
9 6
9 5
9 9
9 12
10 5
10 6
12 7
12 6
12 5
12 8
1 12
2 13
3 13
4 13
5 13
6 13
8 5
8 4
8 3
8 2
8 1
8 6
8 7
8 8
9 1
9 2
9 3
9 13
10 1
10 3
10 13
11 1
11 1
12 1
12 1
12 2
13 1
11 1
11 2
11 3
11 4
10 1
10 3
9 1
9 2
9 3
8 1
8 2
8 3
8 4
8 5
8 6
8 7
8 8
9 5
9 6
9 7
9 8
9 9
10 5
10 6
10 8
10 9
10 10
10 11
11 8
11 9
11 10
11 11
12 8
13 8
13 9
13 10
13 11
13 12
14 8
14 10
14 11
14 12
15 8
15 9
15 10
15 11
15 12
15 12
14 12
13 12
12 12
13 11
13 10
13 9
14 11
14 10
15 11
15 10
15 9
12 13
13 8
12 8
11 8
10 8
9 8
8 8
7 8
6 8
5 8
9 9
10 9
11 9
13 13
14 13
15 8
14 8
16 9
16 10
16 11
16 12
5 7
4 7
6 7
7 7
8 7
9 7
10 10
11 7
11 10
12 7
12 14
11 14
13 14
14 7
15 7
16 8
16 13
17 9
6 6
7 6
8 6
9 6
10 11
9 11
8 11
7 11
6 11
5 11
5 10
4 10
3 10
3 9
3 9
2 9
1 9
2 10
2 11
1 11
1 12
1 13
1 14
2 12
2 13
3 10
2 8
3 12
3 13
4 9
4 10
2 7
1 7
4 13
4 14
4 15
5 10
5 11
1 6
2 6
5 13
5 15
5 16
5 17
4 17
5 18
5 19
4 19
4 20
3 20
2 20
1 20
1 21
1 22
1 23
1 24
1 24
1 23
1 22
1 21
1 20
2 20
2 20
3 20
4 20
4 19
5 19
5 18
5 17
5 16
5 15
5 20
6 16
6 17
6 18
6 19
7 16
7 15
7 14
7 17
7 18
7 19
1 20
3 21
4 15
4 14
4 13
4 17
4 21
5 13
5 21
6 13
6 12
6 11
6 14
6 21
7 11
7 10
7 12
7 20
7 21
8 14
8 13
8 15
8 16
8 17
8 18
8 19
1 21
3 13
3 12
3 22
5 11
5 10
5 22
6 22
8 10
8 11
8 20
9 13
9 12
9 11
9 14
9 16
9 17
9 18
9 19
1 22
2 12
2 11
2 10
2 9
2 8
2 7
2 6
2 5
2 4
2 3
2 2
2 13
2 22
3 3
3 4
3 5
3 9
3 10
4 4
4 5
4 9
4 10
5 23
6 23
7 23
9 20
10 11
10 10
10 9
9 9
9 8
8 8
7 8
7 7
7 6
8 7
8 6
8 5
8 4
8 3
8 2
8 1
7 1
7 0
449
8 30
8 29
8 28
8 27
7 27
7 26
7 25
6 25
5 25
5 24
5 23
5 22
5 21
5 20
5 19
5 18
5 17
5 16
6 16
7 16
7 15
7 14
8 14
8 13
9 13
9 12
9 11
10 11
10 10
10 9
10 8
9 8
9 7
9 6
9 5
10 5
10 5
10 6
9 6
9 7
9 8
10 8
11 8
12 8
13 8
13 9
13 10
13 11
13 12
13 13
13 14
13 15
13 16
14 16
15 16
16 16
17 16
17 17
17 18
17 19
17 20
17 20
17 21
16 21
15 21
15 22
14 22
14 23
13 23
13 24
13 25
12 25
11 25
10 25
9 25
9 26
9 27
9 28
9 29
10 29
11 29
11 30
11 31
12 31
13 31
13 30
13 29
13 29
13 30
13 31
12 31
11 31
10 31
9 31
8 31
7 31
6 31
6 30
5 30
4 30
3 30
3 30
3 30
4 30
5 30
6 30
7 30
8 30
8 29
9 29
9 28
9 27
9 26
9 25
10 25
11 25
11 26
12 26
13 26
14 26
15 26
15 27
16 27
17 27
18 27
18 28
18 29
17 29
17 30
16 30
16 31
15 31
15 31
15 32
15 33
15 33
15 32
15 31
16 31
16 30
17 30
17 29
18 29
18 28
18 27
17 27
16 27
15 27
15 26
14 26
13 26
12 26
11 26
11 25
10 25
9 25
9 26
9 27
8 27
8 28
8 29
7 29
6 29
6 30
6 31
6 32
5 32
4 32
4 32
4 33
3 33
2 33
1 33
1 32
1 31
1 31
2 31
2 30
3 30
4 30
5 30
5 29
5 28
5 27
5 26
5 25
5 24
5 23
5 22
5 21
4 21
3 21
3 20
3 20
4 20
5 20
5 20
5 21
5 22
5 23
5 24
5 25
5 26
5 27
6 27
6 27
5 27
5 26
5 25
5 24
5 23
5 22
5 21
5 20
5 19
5 18
5 17
5 16
5 15
4 15
4 14
4 13
3 13
2 13
1 13
1 12
1 11
1 11
2 11
2 10
3 10
3 10
2 10
2 9
2 8
2 7
2 7
2 8
2 9
2 10
2 11
2 12
2 13
3 13
4 13
4 14
4 15
5 15
5 16
5 17
6 17
6 17
5 17
5 16
5 15
4 15
4 14
4 14
4 13
5 13
6 13
6 12
7 12
7 11
8 11
9 11
10 11
11 11
11 10
11 9
11 8
12 8
13 8
13 9
13 10
13 11
13 12
14 12
15 12
16 12
16 13
17 13
17 14
18 14
18 14
17 14
17 13
16 13
16 12
15 12
14 12
13 12
13 11
13 10
13 9
13 8
12 8
11 8
10 8
10 9
10 10
10 11
9 11
8 11
7 11
6 11
5 11
5 10
4 10
3 10
2 10
2 9
1 9
1 9
2 9
3 9
4 9
4 10
5 10
5 11
6 11
7 11
8 11
9 11
10 11
10 10
10 9
10 8
9 8
9 7
9 6
9 5
8 5
8 4
8 3
8 2
8 1
9 1
10 1
11 1
11 1
12 1
12 1
12 2
11 2
11 3
10 3
9 3
8 3
8 4
8 5
8 6
8 7
8 8
9 8
10 8
11 8
12 8
13 8
13 9
13 10
13 11
13 12
14 12
15 12
15 12
14 12
13 12
13 11
13 10
13 9
13 8
12 8
11 8
10 8
10 9
10 10
10 11
9 11
8 11
7 11
6 11
5 11
5 10
4 10
3 10
3 9
3 9
2 9
2 10
2 11
2 12
2 13
3 13
4 13
4 14
4 15
5 15
5 16
5 17
5 18
5 19
4 19
4 20
3 20
2 20
1 20
1 21
1 22
1 23
1 24
1 24
1 23
1 22
1 21
1 20
2 20
2 20
3 20
4 20
4 19
5 19
5 18
5 17
5 16
6 16
7 16
7 15
7 14
8 14
8 13
9 13
9 12
9 11
10 11
10 10
10 9
9 9
9 8
8 8
8 7
8 6
8 5
8 4
8 3
8 2
8 1
7 1
7 0
