121
4 28
4 27
3 27
2 27
1 27
1 26
1 25
1 24
1 23
1 22
1 21
3 26
3 25
2 25
2 21
2 23
2 28
4 25
4 24
4 23
3 23
3 22
3 21
4 29
3 29
2 29
1 29
5 27
5 26
5 25
5 28
1 30
3 30
4 21
4 20
4 19
3 19
2 19
1 19
1 18
1 17
3 18
3 17
2 17
5 23
5 22
5 21
5 29
6 25
6 26
6 27
1 31
3 31
2 31
4 17
4 16
4 15
3 15
2 15
1 15
1 14
1 13
1 12
1 11
1 10
1 9
3 14
3 13
2 13
5 19
5 18
5 17
5 30
6 21
6 22
6 23
6 29
7 25
7 26
7 27
2 9
2 8
2 7
1 7
1 6
1 5
2 11
2 32
4 13
4 12
4 11
3 11
3 10
3 9
4 31
5 15
5 14
5 13
5 31
6 17
6 16
6 15
6 14
6 13
6 18
6 19
7 21
7 22
7 23
7 29
8 25
8 24
8 23
8 27
2 5
2 4
2 3
1 3
1 2
1 1
1 0
42
4 28
4 27
3 27
3 26
3 25
4 25
4 24
4 23
3 23
3 22
3 21
4 21
4 20
4 19
3 19
3 18
3 17
4 17
4 16
4 15
3 15
2 15
1 15
1 14
1 13
1 12
1 11
1 10
1 9
2 9
2 8
2 7
1 7
1 6
1 5
2 5
2 4
2 3
1 3
1 2
1 1
1 0
