125
4 28
4 29
5 28
4 27
4 27
3 27
5 27
3 27
2 27
3 26
2 27
1 27
2 28
1 27
1 26
1 26
1 25
1 25
2 25
1 24
1 24
1 23
1 23
2 23
1 22
1 22
1 21
1 21
2 21
2 21
3 21
3 21
3 22
4 21
2 23
3 23
3 22
3 23
4 21
5 21
4 20
4 20
4 19
4 19
3 19
5 19
3 19
2 19
3 18
2 19
1 19
1 19
1 18
1 18
1 17
1 17
2 17
2 17
3 17
3 17
3 18
4 17
3 18
3 18
4 17
5 17
4 16
4 16
4 15
4 15
3 15
5 15
3 15
2 15
3 14
2 15
1 15
1 15
1 14
1 14
1 13
1 13
2 13
1 12
1 12
1 11
1 11
2 11
1 10
1 10
1 9
1 9
2 9
2 9
3 9
2 8
2 8
2 7
2 7
1 7
3 7
1 7
1 6
1 6
1 5
1 5
2 5
2 5
3 5
2 4
2 4
2 3
2 3
1 3
3 3
2 2
1 3
1 2
1 2
2 2
1 1
1 1
2 1
1 0
1 0
48
4 28
4 27
3 27
2 27
1 27
1 26
1 25
1 24
1 23
1 22
1 21
2 21
3 21
4 21
4 20
4 19
3 19
2 19
1 19
1 18
1 17
2 17
3 17
4 17
4 16
4 15
3 15
2 15
1 15
1 14
1 13
1 12
1 11
1 10
1 9
2 9
2 8
2 7
1 7
1 6
1 5
2 5
2 4
2 3
1 3
1 2
1 1
1 0
