6296
11 31
11 30
10 31
9 31
11 29
9 32
9 30
8 31
11 28
10 29
7 31
9 29
9 33
9 29
11 27
7 30
6 31
9 28
8 29
9 28
8 29
9 34
10 33
8 33
11 26
10 27
5 31
7 29
7 29
7 29
7 33
9 27
9 27
10 34
9 27
10 34
11 33
11 25
5 30
4 31
6 29
6 29
6 29
7 34
9 26
8 27
9 26
8 27
9 26
8 27
11 34
11 34
11 24
10 25
11 34
3 31
5 29
5 29
5 29
5 29
6 34
7 27
7 27
7 27
9 25
9 25
9 25
9 25
11 23
3 30
2 31
5 28
4 29
5 28
4 29
5 28
4 29
5 28
4 29
5 34
7 26
6 27
7 26
6 27
7 26
6 27
8 25
8 25
8 25
8 25
11 22
10 23
2 32
1 31
3 29
4 28
3 29
4 28
3 29
4 28
3 29
4 28
3 29
5 27
4 28
5 27
4 28
5 27
4 28
5 27
4 28
5 33
6 26
5 27
6 26
5 27
6 26
5 27
7 25
6 26
7 25
6 26
7 25
6 26
8 24
7 25
8 24
7 25
8 24
7 25
8 24
7 25
9 23
11 21
1 30
2 33
2 29
2 29
2 29
2 29
2 29
4 27
4 27
4 27
4 27
4 27
4 27
4 27
4 27
5 26
4 27
5 26
4 27
5 26
4 27
5 26
4 27
5 26
4 27
5 26
4 27
5 26
4 27
4 33
6 25
5 26
6 25
5 26
6 25
5 26
6 25
5 26
6 25
5 26
6 25
5 26
6 25
6 25
6 25
6 25
6 25
6 25
6 25
8 23
8 23
8 23
8 23
9 22
8 23
11 20
10 21
1 29
2 28
1 29
2 28
1 29
2 28
1 29
2 28
1 29
2 28
1 29
3 33
1 33
3 27
3 27
3 27
3 27
3 27
3 27
3 27
3 27
3 27
3 27
3 27
3 27
3 27
3 27
3 27
3 33
5 25
5 25
5 25
5 25
5 25
5 25
5 25
5 25
5 25
5 25
5 25
5 25
5 25
5 25
5 25
5 25
5 25
5 25
5 25
5 25
5 25
5 25
5 25
5 25
5 25
5 25
7 23
7 23
7 23
7 23
7 23
9 21
9 21
11 19
1 34
2 27
2 27
2 27
2 27
2 27
3 26
2 27
3 26
2 27
3 26
2 27
3 26
2 27
3 26
2 27
3 26
2 27
3 26
2 27
3 26
2 27
3 26
2 27
3 26
2 27
3 26
2 27
3 26
2 27
3 26
2 27
3 26
2 27
3 26
2 27
3 34
3 34
4 25
4 25
4 25
4 25
4 25
4 25
4 25
4 25
4 25
4 25
4 25
4 25
4 25
4 25
4 25
4 25
4 25
4 25
4 25
4 25
4 25
4 25
4 25
4 25
4 25
4 25
7 22
6 23
7 22
6 23
7 22
6 23
7 22
6 23
7 22
6 23
8 21
8 21
11 18
10 19
1 27
1 27
1 27
1 27
1 27
1 27
1 27
1 27
1 27
1 27
1 27
1 27
1 27
1 27
1 27
1 27
1 27
1 27
1 27
1 27
3 25
3 25
3 25
3 25
3 25
3 25
3 25
3 25
3 25
3 25
3 25
3 25
3 25
3 25
3 25
4 24
3 25
4 24
3 25
4 24
3 25
4 24
3 25
4 24
3 25
4 24
3 25
4 24
3 25
4 24
3 25
4 24
3 25
4 24
3 25
4 24
3 25
4 24
3 25
4 24
3 25
4 24
3 25
4 24
3 25
4 24
3 25
4 24
3 25
4 24
3 25
4 24
3 25
4 24
3 25
4 24
3 25
4 24
3 25
4 24
3 25
4 24
3 25
4 24
3 25
4 24
3 25
6 22
5 23
6 22
5 23
6 22
5 23
6 22
5 23
6 22
5 23
7 21
6 22
7 21
6 22
7 21
6 22
7 21
6 22
7 21
6 22
8 20
7 21
8 20
7 21
9 19
11 17
1 26
1 26
1 26
1 26
1 26
1 26
1 26
1 26
1 26
1 26
1 26
1 26
1 26
1 26
1 26
1 26
1 26
1 26
1 26
1 26
2 25
2 25
2 25
2 25
2 25
2 25
2 25
2 25
2 25
2 25
2 25
2 25
2 25
2 25
2 25
2 25
2 25
2 25
2 25
2 25
2 25
2 25
2 25
2 25
2 25
2 25
2 25
2 25
2 25
2 25
2 25
2 25
2 25
2 25
2 25
2 25
2 25
2 25
2 25
2 25
2 25
4 23
4 23
4 23
4 23
4 23
4 23
4 23
4 23
4 23
4 23
4 23
4 23
4 23
4 23
4 23
4 23
4 23
4 23
4 23
4 23
4 23
4 23
4 23
4 23
4 23
4 23
5 22
4 23
5 22
4 23
5 22
4 23
5 22
4 23
5 22
4 23
6 21
5 22
6 21
5 22
6 21
5 22
6 21
5 22
6 21
5 22
6 21
5 22
6 21
5 22
6 21
5 22
6 21
5 22
6 21
5 22
6 21
6 21
6 21
6 21
6 21
6 21
6 21
8 19
8 19
9 18
8 19
11 16
10 17
1 25
1 25
1 25
1 25
1 25
1 25
1 25
1 25
1 25
1 25
1 25
1 25
1 25
1 25
1 25
1 25
1 25
1 25
1 25
1 25
1 25
1 25
1 25
1 25
1 25
1 25
1 25
1 25
1 25
1 25
1 25
1 25
1 25
1 25
1 25
1 25
1 25
1 25
1 25
1 25
1 25
1 25
1 25
1 25
1 25
1 25
1 25
1 25
1 25
1 25
1 25
1 25
1 25
1 25
1 25
1 25
1 25
1 25
1 25
1 25
1 25
3 23
3 23
3 23
3 23
3 23
3 23
3 23
3 23
3 23
3 23
3 23
3 23
3 23
3 23
3 23
3 23
3 23
3 23
3 23
3 23
3 23
3 23
3 23
3 23
3 23
3 23
3 23
3 23
3 23
3 23
3 23
5 21
5 21
5 21
5 21
5 21
5 21
5 21
5 21
5 21
5 21
5 21
5 21
5 21
5 21
5 21
5 21
5 21
5 21
5 21
5 21
5 21
5 21
5 21
5 21
5 21
5 21
5 21
5 21
5 21
5 21
5 21
5 21
7 19
7 19
7 19
9 17
9 17
11 15
1 24
1 24
1 24
1 24
1 24
1 24
1 24
1 24
1 24
1 24
1 24
1 24
1 24
1 24
1 24
1 24
1 24
1 24
1 24
1 24
1 24
1 24
1 24
1 24
1 24
1 24
1 24
1 24
1 24
1 24
1 24
1 24
1 24
1 24
1 24
1 24
1 24
1 24
1 24
1 24
1 24
1 24
1 24
1 24
1 24
1 24
1 24
1 24
1 24
1 24
1 24
1 24
1 24
1 24
1 24
1 24
1 24
1 24
1 24
1 24
1 24
3 22
2 23
3 22
2 23
3 22
2 23
3 22
2 23
3 22
2 23
3 22
2 23
3 22
2 23
3 22
2 23
3 22
2 23
3 22
2 23
3 22
2 23
3 22
2 23
3 22
2 23
3 22
2 23
3 22
2 23
3 22
2 23
3 22
2 23
3 22
2 23
3 22
2 23
3 22
2 23
3 22
2 23
3 22
2 23
3 22
2 23
3 22
2 23
3 22
2 23
3 22
2 23
3 22
2 23
3 22
2 23
3 22
2 23
3 22
2 23
3 22
2 23
4 21
4 21
4 21
4 21
4 21
4 21
4 21
4 21
4 21
4 21
4 21
4 21
4 21
4 21
4 21
4 21
4 21
4 21
4 21
4 21
4 21
4 21
4 21
4 21
4 21
4 21
4 21
4 21
4 21
4 21
4 21
4 21
7 18
6 19
7 18
6 19
7 18
6 19
8 17
8 17
11 14
10 15
1 23
1 23
1 23
1 23
1 23
1 23
1 23
1 23
1 23
1 23
1 23
1 23
1 23
1 23
1 23
1 23
1 23
1 23
1 23
1 23
1 23
1 23
1 23
1 23
1 23
1 23
1 23
1 23
1 23
1 23
1 23
1 23
1 23
1 23
1 23
1 23
1 23
1 23
1 23
1 23
1 23
1 23
1 23
1 23
1 23
1 23
1 23
1 23
1 23
1 23
1 23
1 23
1 23
1 23
1 23
1 23
1 23
1 23
1 23
1 23
1 23
1 23
1 23
1 23
1 23
1 23
1 23
1 23
1 23
1 23
1 23
1 23
1 23
1 23
1 23
1 23
1 23
1 23
1 23
1 23
1 23
1 23
1 23
1 23
1 23
1 23
1 23
1 23
1 23
1 23
1 23
1 23
3 21
3 21
3 21
3 21
3 21
3 21
3 21
3 21
3 21
3 21
3 21
3 21
3 21
3 21
3 21
3 21
3 21
3 21
3 21
3 21
3 21
3 21
3 21
3 21
3 21
3 21
3 21
3 21
3 21
3 21
3 21
4 20
3 21
4 20
3 21
4 20
3 21
4 20
3 21
4 20
3 21
4 20
3 21
4 20
3 21
4 20
3 21
4 20
3 21
4 20
3 21
4 20
3 21
4 20
3 21
4 20
3 21
4 20
3 21
4 20
3 21
4 20
3 21
4 20
3 21
4 20
3 21
4 20
3 21
4 20
3 21
4 20
3 21
4 20
3 21
4 20
3 21
4 20
3 21
4 20
3 21
4 20
3 21
4 20
3 21
4 20
3 21
4 20
3 21
4 20
3 21
4 20
3 21
4 20
3 21
6 18
5 19
6 18
5 19
6 18
5 19
7 17
6 18
7 17
6 18
7 17
6 18
7 17
7 17
10 14
9 15
11 13
10 14
1 22
1 22
1 22
1 22
1 22
1 22
1 22
1 22
1 22
1 22
1 22
1 22
1 22
1 22
1 22
1 22
1 22
1 22
1 22
1 22
1 22
1 22
1 22
1 22
1 22
1 22
1 22
1 22
1 22
1 22
1 22
1 22
1 22
1 22
1 22
1 22
1 22
1 22
1 22
1 22
1 22
1 22
1 22
1 22
1 22
1 22
1 22
1 22
1 22
1 22
1 22
1 22
1 22
1 22
1 22
1 22
1 22
1 22
1 22
1 22
1 22
1 22
1 22
1 22
1 22
1 22
1 22
1 22
1 22
1 22
1 22
1 22
1 22
1 22
1 22
1 22
1 22
1 22
1 22
1 22
1 22
1 22
1 22
1 22
1 22
1 22
1 22
1 22
1 22
1 22
1 22
1 22
2 21
2 21
2 21
2 21
2 21
2 21
2 21
2 21
2 21
2 21
2 21
2 21
2 21
2 21
2 21
2 21
2 21
2 21
2 21
2 21
2 21
2 21
2 21
2 21
2 21
2 21
2 21
2 21
2 21
2 21
2 21
2 21
2 21
2 21
2 21
2 21
2 21
2 21
2 21
2 21
2 21
2 21
2 21
2 21
2 21
2 21
2 21
2 21
2 21
2 21
2 21
2 21
2 21
2 21
2 21
2 21
2 21
2 21
2 21
2 21
2 21
2 21
2 21
4 19
4 19
4 19
4 19
4 19
4 19
4 19
4 19
4 19
4 19
4 19
4 19
4 19
4 19
4 19
4 19
4 19
4 19
4 19
4 19
4 19
4 19
4 19
4 19
4 19
4 19
4 19
4 19
4 19
4 19
4 19
4 19
5 18
4 19
5 18
4 19
5 18
4 19
6 17
5 18
6 17
5 18
6 17
5 18
6 17
5 18
6 17
5 18
6 17
5 18
6 17
6 17
6 17
6 17
6 17
9 14
8 15
10 13
9 14
10 13
9 14
11 12
10 13
1 21
1 21
1 21
1 21
1 21
1 21
1 21
1 21
1 21
1 21
1 21
1 21
1 21
1 21
1 21
1 21
1 21
1 21
1 21
1 21
1 21
1 21
1 21
1 21
1 21
1 21
1 21
1 21
1 21
1 21
1 21
1 21
1 21
1 21
1 21
1 21
1 21
1 21
1 21
1 21
1 21
1 21
1 21
1 21
1 21
1 21
1 21
1 21
1 21
1 21
1 21
1 21
1 21
1 21
1 21
1 21
1 21
1 21
1 21
1 21
1 21
1 21
1 21
1 21
1 21
1 21
1 21
1 21
1 21
1 21
1 21
1 21
1 21
1 21
1 21
1 21
1 21
1 21
1 21
1 21
1 21
1 21
1 21
1 21
1 21
1 21
1 21
1 21
1 21
1 21
1 21
1 21
1 21
1 21
1 21
1 21
1 21
1 21
1 21
1 21
1 21
1 21
1 21
1 21
1 21
1 21
1 21
1 21
1 21
1 21
1 21
1 21
1 21
1 21
1 21
1 21
1 21
1 21
1 21
1 21
1 21
1 21
1 21
1 21
1 21
1 21
1 21
1 21
1 21
1 21
1 21
1 21
1 21
1 21
1 21
1 21
1 21
1 21
1 21
1 21
1 21
1 21
1 21
1 21
1 21
1 21
1 21
1 21
1 21
1 21
1 21
1 21
1 21
1 21
1 21
3 19
3 19
3 19
3 19
3 19
3 19
3 19
3 19
3 19
3 19
3 19
3 19
3 19
3 19
3 19
3 19
3 19
3 19
3 19
3 19
3 19
3 19
3 19
3 19
3 19
3 19
3 19
3 19
3 19
3 19
3 19
3 19
3 19
3 19
3 19
5 17
5 17
5 17
5 17
5 17
5 17
5 17
5 17
5 17
6 16
5 17
6 16
5 17
6 16
5 17
6 16
5 17
6 16
5 17
6 16
5 17
6 16
5 17
6 16
5 17
6 16
5 17
6 16
5 17
6 16
5 17
8 14
7 15
9 13
8 14
9 13
8 14
9 13
8 14
9 13
9 13
9 13
11 11
3 18
2 19
3 18
2 19
3 18
2 19
3 18
2 19
3 18
2 19
3 18
2 19
3 18
2 19
3 18
2 19
3 18
2 19
3 18
2 19
3 18
2 19
3 18
2 19
3 18
2 19
3 18
2 19
3 18
2 19
3 18
2 19
3 18
2 19
3 18
2 19
3 18
2 19
3 18
2 19
3 18
2 19
3 18
2 19
3 18
2 19
3 18
2 19
3 18
2 19
3 18
2 19
3 18
2 19
3 18
2 19
3 18
2 19
3 18
2 19
3 18
2 19
3 18
2 19
3 18
2 19
3 18
2 19
3 18
2 19
4 17
4 17
4 17
4 17
4 17
4 17
4 17
4 17
4 17
4 17
4 17
4 17
4 17
4 17
4 17
4 17
4 17
4 17
4 17
4 17
6 15
6 15
6 15
6 15
6 15
6 15
6 15
6 15
6 15
6 15
6 15
7 14
6 15
8 13
7 14
8 13
7 14
8 13
7 14
8 13
7 14
8 13
8 13
8 13
8 13
8 13
8 13
11 10
10 11
1 19
1 19
1 19
1 19
1 19
1 19
1 19
1 19
1 19
1 19
1 19
1 19
1 19
1 19
1 19
1 19
1 19
1 19
1 19
1 19
1 19
1 19
1 19
1 19
1 19
1 19
1 19
1 19
1 19
1 19
1 19
1 19
1 19
1 19
1 19
3 17
3 17
3 17
3 17
3 17
3 17
3 17
3 17
3 17
3 17
3 17
3 17
3 17
3 17
3 17
3 17
3 17
3 17
3 17
3 17
3 17
3 17
3 17
3 17
3 17
3 17
3 17
3 17
3 17
3 17
3 17
3 17
3 17
3 17
3 17
4 16
3 17
4 16
3 17
4 16
3 17
4 16
3 17
4 16
3 17
4 16
3 17
4 16
3 17
4 16
3 17
4 16
3 17
4 16
3 17
4 16
3 17
4 16
3 17
4 16
3 17
4 16
3 17
4 16
3 17
4 16
3 17
4 16
3 17
4 16
3 17
4 16
3 17
4 16
3 17
6 14
5 15
6 14
5 15
6 14
5 15
6 14
5 15
6 14
5 15
6 14
5 15
6 14
5 15
6 14
5 15
6 14
5 15
6 14
5 15
6 14
5 15
6 14
5 15
7 13
6 14
7 13
6 14
7 13
6 14
7 13
6 14
7 13
6 14
7 13
7 13
7 13
7 13
7 13
7 13
7 13
7 13
7 13
7 13
9 11
11 9
1 18
1 18
1 18
1 18
1 18
1 18
1 18
1 18
1 18
1 18
1 18
1 18
1 18
1 18
1 18
1 18
1 18
1 18
1 18
1 18
1 18
1 18
1 18
1 18
1 18
1 18
1 18
1 18
1 18
1 18
1 18
1 18
1 18
1 18
1 18
2 17
2 17
2 17
2 17
2 17
2 17
2 17
2 17
2 17
2 17
2 17
2 17
2 17
2 17
2 17
2 17
2 17
2 17
2 17
2 17
2 17
2 17
2 17
2 17
2 17
2 17
2 17
2 17
2 17
2 17
2 17
2 17
2 17
2 17
2 17
2 17
2 17
2 17
2 17
2 17
2 17
2 17
2 17
2 17
2 17
2 17
2 17
2 17
2 17
2 17
2 17
2 17
2 17
2 17
2 17
4 15
4 15
4 15
4 15
4 15
4 15
4 15
4 15
4 15
4 15
4 15
4 15
4 15
4 15
4 15
4 15
4 15
4 15
4 15
4 15
5 14
4 15
5 14
4 15
5 14
4 15
5 14
4 15
5 14
4 15
5 14
4 15
5 14
4 15
5 14
4 15
5 14
4 15
5 14
4 15
5 14
4 15
5 14
4 15
6 13
5 14
6 13
5 14
6 13
5 14
6 13
5 14
6 13
5 14
6 13
5 14
6 13
5 14
6 13
5 14
6 13
5 14
6 13
5 14
6 13
5 14
6 13
5 14
6 13
5 14
6 13
5 14
6 13
5 14
6 13
5 14
6 13
5 14
6 13
6 13
6 13
6 13
6 13
6 13
6 13
6 13
6 13
6 13
6 13
6 13
6 13
6 13
6 13
9 10
8 11
11 8
10 9
1 17
1 17
1 17
1 17
1 17
1 17
1 17
1 17
1 17
1 17
1 17
1 17
1 17
1 17
1 17
1 17
1 17
1 17
1 17
1 17
1 17
1 17
1 17
1 17
1 17
1 17
1 17
1 17
1 17
1 17
1 17
1 17
1 17
1 17
1 17
1 17
1 17
1 17
1 17
1 17
1 17
1 17
1 17
1 17
1 17
1 17
1 17
1 17
1 17
1 17
1 17
1 17
1 17
1 17
1 17
1 17
1 17
1 17
1 17
1 17
1 17
1 17
1 17
1 17
1 17
1 17
1 17
1 17
1 17
1 17
1 17
1 17
1 17
1 17
1 17
1 17
1 17
1 17
1 17
1 17
1 17
1 17
1 17
1 17
1 17
1 17
1 17
1 17
1 17
1 17
3 15
3 15
3 15
3 15
3 15
3 15
3 15
3 15
3 15
3 15
3 15
3 15
3 15
3 15
3 15
3 15
3 15
3 15
3 15
3 15
3 15
3 15
3 15
3 15
3 15
3 15
3 15
3 15
3 15
3 15
3 15
3 15
5 13
5 13
5 13
5 13
5 13
5 13
5 13
5 13
5 13
5 13
5 13
5 13
5 13
5 13
5 13
5 13
5 13
5 13
5 13
5 13
5 13
5 13
5 13
5 13
5 13
5 13
5 13
5 13
5 13
5 13
5 13
5 13
5 13
5 13
5 13
5 13
5 13
5 13
5 13
5 13
5 13
5 13
5 13
5 13
5 13
5 13
5 13
5 13
5 13
5 13
5 13
5 13
5 13
5 13
5 13
5 13
5 13
5 13
5 13
5 13
5 13
7 11
9 9
9 9
11 7
3 14
2 15
3 14
2 15
3 14
2 15
3 14
2 15
3 14
2 15
3 14
2 15
3 14
2 15
3 14
2 15
3 14
2 15
3 14
2 15
3 14
2 15
3 14
2 15
3 14
2 15
3 14
2 15
3 14
2 15
3 14
2 15
3 14
2 15
3 14
2 15
3 14
2 15
3 14
2 15
3 14
2 15
3 14
2 15
3 14
2 15
3 14
2 15
3 14
2 15
3 14
2 15
3 14
2 15
3 14
2 15
3 14
2 15
3 14
2 15
3 14
2 15
3 14
2 15
4 13
4 13
4 13
4 13
4 13
4 13
4 13
4 13
4 13
4 13
4 13
4 13
4 13
4 13
4 13
4 13
4 13
4 13
4 13
4 13
4 13
4 13
4 13
4 13
4 13
4 13
4 13
4 13
4 13
4 13
4 13
4 13
4 13
4 13
4 13
4 13
4 13
4 13
4 13
4 13
4 13
4 13
4 13
4 13
4 13
4 13
4 13
4 13
4 13
4 13
4 13
4 13
4 13
4 13
4 13
4 13
4 13
4 13
4 13
4 13
4 13
7 10
6 11
8 9
8 9
11 6
10 7
1 15
1 15
1 15
1 15
1 15
1 15
1 15
1 15
1 15
1 15
1 15
1 15
1 15
1 15
1 15
1 15
1 15
1 15
1 15
1 15
1 15
1 15
1 15
1 15
1 15
1 15
1 15
1 15
1 15
1 15
1 15
1 15
3 13
3 13
3 13
3 13
3 13
3 13
3 13
3 13
3 13
3 13
3 13
3 13
3 13
3 13
3 13
3 13
3 13
3 13
3 13
3 13
3 13
3 13
3 13
3 13
3 13
3 13
3 13
3 13
3 13
3 13
3 13
3 13
4 12
3 13
4 12
3 13
4 12
3 13
4 12
3 13
4 12
3 13
4 12
3 13
4 12
3 13
4 12
3 13
4 12
3 13
4 12
3 13
4 12
3 13
4 12
3 13
4 12
3 13
4 12
3 13
4 12
3 13
4 12
3 13
4 12
3 13
4 12
3 13
4 12
3 13
4 12
3 13
4 12
3 13
4 12
3 13
4 12
3 13
4 12
3 13
4 12
3 13
4 12
3 13
4 12
3 13
4 12
3 13
4 12
3 13
4 12
3 13
4 12
3 13
4 12
3 13
4 12
3 13
4 12
3 13
4 12
3 13
4 12
3 13
4 12
3 13
4 12
3 13
4 12
3 13
4 12
3 13
4 12
3 13
4 12
3 13
4 12
3 13
4 12
3 13
4 12
3 13
4 12
3 13
4 12
3 13
4 12
3 13
4 12
3 13
4 12
3 13
4 12
3 13
4 12
3 13
4 12
3 13
4 12
3 13
4 12
3 13
4 12
3 13
4 12
3 13
4 12
3 13
4 12
3 13
4 12
3 13
4 12
3 13
6 10
5 11
7 9
6 10
8 8
7 9
8 8
7 9
9 7
11 5
1 14
1 14
1 14
1 14
1 14
1 14
1 14
1 14
1 14
1 14
1 14
1 14
1 14
1 14
1 14
1 14
1 14
1 14
1 14
1 14
1 14
1 14
1 14
1 14
1 14
1 14
1 14
1 14
1 14
1 14
1 14
1 14
2 13
2 13
2 13
2 13
2 13
2 13
2 13
2 13
2 13
2 13
2 13
2 13
2 13
2 13
2 13
2 13
2 13
2 13
2 13
2 13
2 13
2 13
2 13
2 13
2 13
2 13
2 13
2 13
2 13
2 13
2 13
2 13
2 13
2 13
2 13
2 13
2 13
2 13
2 13
2 13
2 13
2 13
2 13
2 13
2 13
2 13
2 13
2 13
2 13
2 13
2 13
2 13
2 13
2 13
2 13
2 13
2 13
2 13
2 13
2 13
2 13
2 13
2 13
2 13
2 13
2 13
2 13
2 13
2 13
2 13
2 13
2 13
2 13
2 13
2 13
2 13
2 13
2 13
2 13
2 13
2 13
2 13
2 13
2 13
2 13
2 13
2 13
2 13
2 13
2 13
2 13
2 13
2 13
4 11
4 11
4 11
4 11
4 11
4 11
4 11
4 11
4 11
4 11
4 11
4 11
4 11
4 11
4 11
4 11
4 11
4 11
4 11
4 11
4 11
4 11
4 11
4 11
4 11
4 11
4 11
4 11
4 11
4 11
4 11
4 11
4 11
4 11
4 11
4 11
4 11
4 11
4 11
4 11
4 11
4 11
4 11
4 11
4 11
4 11
4 11
4 11
4 11
4 11
4 11
4 11
4 11
4 11
4 11
4 11
4 11
4 11
4 11
4 11
4 11
5 10
4 11
6 9
5 10
6 9
5 10
6 9
6 9
6 9
8 7
8 7
9 6
8 7
11 4
10 5
1 13
1 13
1 13
1 13
1 13
1 13
1 13
1 13
1 13
1 13
1 13
1 13
1 13
1 13
1 13
1 13
1 13
1 13
1 13
1 13
1 13
1 13
1 13
1 13
1 13
1 13
1 13
1 13
1 13
1 13
1 13
1 13
1 13
1 13
1 13
1 13
1 13
1 13
1 13
1 13
1 13
1 13
1 13
1 13
1 13
1 13
1 13
1 13
1 13
1 13
1 13
1 13
1 13
1 13
1 13
1 13
1 13
1 13
1 13
1 13
1 13
1 13
1 13
1 13
1 13
1 13
1 13
1 13
1 13
1 13
1 13
1 13
1 13
1 13
1 13
1 13
1 13
1 13
1 13
1 13
1 13
1 13
1 13
1 13
1 13
1 13
1 13
1 13
1 13
1 13
1 13
1 13
1 13
1 13
1 13
1 13
1 13
1 13
1 13
1 13
1 13
1 13
1 13
1 13
1 13
1 13
1 13
1 13
1 13
1 13
1 13
1 13
1 13
1 13
1 13
1 13
1 13
1 13
1 13
1 13
1 13
1 13
1 13
1 13
1 13
3 11
3 11
3 11
3 11
3 11
3 11
3 11
3 11
3 11
3 11
3 11
3 11
3 11
3 11
3 11
3 11
3 11
3 11
3 11
3 11
3 11
3 11
3 11
3 11
3 11
3 11
3 11
3 11
3 11
3 11
3 11
3 11
3 11
3 11
3 11
3 11
3 11
3 11
3 11
3 11
3 11
3 11
3 11
3 11
3 11
3 11
3 11
3 11
3 11
3 11
3 11
3 11
3 11
3 11
3 11
3 11
3 11
3 11
3 11
3 11
3 11
3 11
5 9
5 9
5 9
6 8
5 9
6 8
5 9
6 8
5 9
6 8
5 9
6 8
5 9
7 7
7 7
7 7
9 5
10 4
9 5
11 3
10 4
1 12
1 12
1 12
1 12
1 12
1 12
1 12
1 12
1 12
1 12
1 12
1 12
1 12
1 12
1 12
1 12
1 12
1 12
1 12
1 12
1 12
1 12
1 12
1 12
1 12
1 12
1 12
1 12
1 12
1 12
1 12
1 12
1 12
1 12
1 12
1 12
1 12
1 12
1 12
1 12
1 12
1 12
1 12
1 12
1 12
1 12
1 12
1 12
1 12
1 12
1 12
1 12
1 12
1 12
1 12
1 12
1 12
1 12
1 12
1 12
1 12
1 12
1 12
1 12
1 12
1 12
1 12
1 12
1 12
1 12
1 12
1 12
1 12
1 12
1 12
1 12
1 12
1 12
1 12
1 12
1 12
1 12
1 12
1 12
1 12
1 12
1 12
1 12
1 12
1 12
1 12
1 12
1 12
1 12
1 12
1 12
1 12
1 12
1 12
1 12
1 12
1 12
1 12
1 12
1 12
1 12
1 12
1 12
1 12
1 12
1 12
1 12
1 12
1 12
1 12
1 12
1 12
1 12
1 12
1 12
1 12
1 12
1 12
1 12
1 12
3 10
2 11
3 10
2 11
3 10
2 11
3 10
2 11
3 10
2 11
3 10
2 11
3 10
2 11
3 10
2 11
3 10
2 11
3 10
2 11
3 10
2 11
3 10
2 11
3 10
2 11
3 10
2 11
3 10
2 11
3 10
2 11
3 10
2 11
3 10
2 11
3 10
2 11
3 10
2 11
3 10
2 11
3 10
2 11
3 10
2 11
3 10
2 11
3 10
2 11
3 10
2 11
3 10
2 11
3 10
2 11
3 10
2 11
3 10
2 11
3 10
2 11
3 10
2 11
3 10
2 11
3 10
2 11
3 10
2 11
3 10
2 11
3 10
2 11
3 10
2 11
3 10
2 11
3 10
2 11
3 10
2 11
3 10
2 11
3 10
2 11
3 10
2 11
3 10
2 11
3 10
2 11
3 10
2 11
3 10
2 11
3 10
2 11
3 10
2 11
3 10
2 11
3 10
2 11
3 10
2 11
3 10
2 11
3 10
2 11
3 10
2 11
3 10
2 11
3 10
2 11
3 10
2 11
3 10
2 11
3 10
2 11
3 10
2 11
4 9
4 9
4 9
4 9
4 9
4 9
4 9
4 9
6 7
6 7
6 7
6 7
6 7
7 6
6 7
7 6
6 7
7 6
6 7
9 4
8 5
9 4
8 5
10 3
9 4
10 3
9 4
11 2
10 3
1 11
1 11
1 11
1 11
1 11
1 11
1 11
1 11
1 11
1 11
1 11
1 11
1 11
1 11
1 11
1 11
1 11
1 11
1 11
1 11
1 11
1 11
1 11
1 11
1 11
1 11
1 11
1 11
1 11
1 11
1 11
1 11
1 11
1 11
1 11
1 11
1 11
1 11
1 11
1 11
1 11
1 11
1 11
1 11
1 11
1 11
1 11
1 11
1 11
1 11
1 11
1 11
1 11
1 11
1 11
1 11
1 11
1 11
1 11
1 11
1 11
1 11
1 11
1 11
1 11
1 11
1 11
1 11
1 11
1 11
1 11
1 11
1 11
1 11
1 11
1 11
1 11
1 11
1 11
1 11
1 11
1 11
1 11
1 11
1 11
1 11
1 11
1 11
1 11
1 11
1 11
1 11
1 11
1 11
1 11
1 11
1 11
1 11
1 11
1 11
1 11
1 11
1 11
1 11
1 11
1 11
1 11
1 11
1 11
1 11
1 11
1 11
1 11
1 11
1 11
1 11
1 11
1 11
1 11
1 11
1 11
1 11
1 11
1 11
1 11
1 11
1 11
1 11
1 11
1 11
1 11
1 11
1 11
1 11
1 11
1 11
1 11
1 11
1 11
1 11
1 11
1 11
1 11
1 11
1 11
1 11
1 11
1 11
1 11
1 11
1 11
1 11
1 11
1 11
1 11
1 11
1 11
1 11
1 11
1 11
1 11
1 11
1 11
1 11
1 11
1 11
1 11
1 11
1 11
1 11
1 11
1 11
1 11
1 11
1 11
1 11
1 11
1 11
1 11
1 11
1 11
1 11
1 11
1 11
1 11
1 11
1 11
3 9
3 9
3 9
3 9
3 9
3 9
3 9
3 9
3 9
3 9
3 9
3 9
3 9
3 9
3 9
3 9
3 9
3 9
3 9
3 9
3 9
3 9
3 9
3 9
3 9
3 9
3 9
3 9
3 9
3 9
3 9
3 9
3 9
3 9
3 9
3 9
3 9
3 9
3 9
3 9
3 9
3 9
3 9
3 9
3 9
3 9
3 9
3 9
3 9
3 9
3 9
3 9
3 9
3 9
3 9
3 9
3 9
3 9
3 9
3 9
3 9
3 9
4 8
3 9
4 8
3 9
4 8
3 9
4 8
3 9
4 8
3 9
4 8
3 9
4 8
3 9
4 8
3 9
5 7
5 7
5 7
5 7
5 7
5 7
5 7
5 7
7 5
7 5
7 5
8 4
7 5
8 4
7 5
9 3
8 4
9 3
8 4
9 3
8 4
9 3
8 4
9 3
9 3
9 3
11 1
1 10
1 10
1 10
1 10
1 10
1 10
1 10
1 10
1 10
1 10
1 10
1 10
1 10
1 10
1 10
1 10
1 10
1 10
1 10
1 10
1 10
1 10
1 10
1 10
1 10
1 10
1 10
1 10
1 10
1 10
1 10
1 10
1 10
1 10
1 10
1 10
1 10
1 10
1 10
1 10
1 10
1 10
1 10
1 10
1 10
1 10
1 10
1 10
1 10
1 10
1 10
1 10
1 10
1 10
1 10
1 10
1 10
1 10
1 10
1 10
1 10
1 10
1 10
1 10
1 10
1 10
1 10
1 10
1 10
1 10
1 10
1 10
1 10
1 10
1 10
1 10
1 10
1 10
1 10
1 10
1 10
1 10
1 10
1 10
1 10
1 10
1 10
1 10
1 10
1 10
1 10
1 10
1 10
1 10
1 10
1 10
1 10
1 10
1 10
1 10
1 10
1 10
1 10
1 10
1 10
1 10
1 10
1 10
1 10
1 10
1 10
1 10
1 10
1 10
1 10
1 10
1 10
1 10
1 10
1 10
1 10
1 10
1 10
1 10
1 10
1 10
1 10
1 10
1 10
1 10
1 10
1 10
1 10
1 10
1 10
1 10
1 10
1 10
1 10
1 10
1 10
1 10
1 10
1 10
1 10
1 10
1 10
1 10
1 10
1 10
1 10
1 10
1 10
1 10
1 10
1 10
1 10
1 10
1 10
1 10
1 10
1 10
1 10
1 10
1 10
1 10
1 10
1 10
1 10
1 10
1 10
1 10
1 10
1 10
1 10
1 10
1 10
1 10
1 10
1 10
1 10
1 10
1 10
1 10
1 10
1 10
1 10
2 9
2 9
2 9
2 9
2 9
2 9
2 9
2 9
2 9
2 9
2 9
2 9
2 9
2 9
2 9
2 9
2 9
2 9
2 9
2 9
2 9
2 9
2 9
2 9
2 9
2 9
2 9
2 9
2 9
2 9
2 9
2 9
2 9
2 9
2 9
2 9
2 9
2 9
2 9
2 9
2 9
2 9
2 9
2 9
2 9
2 9
2 9
2 9
2 9
2 9
2 9
2 9
2 9
2 9
2 9
2 9
2 9
2 9
2 9
2 9
2 9
2 9
2 9
2 9
2 9
2 9
2 9
2 9
2 9
2 9
4 7
4 7
4 7
4 7
4 7
4 7
4 7
4 7
5 6
4 7
5 6
4 7
5 6
4 7
5 6
4 7
5 6
4 7
5 6
4 7
5 6
4 7
5 6
4 7
7 4
6 5
7 4
6 5
7 4
6 5
7 4
6 5
7 4
6 5
8 3
7 4
8 3
7 4
8 3
7 4
8 3
7 4
8 3
7 4
8 3
7 4
8 3
8 3
8 3
8 3
8 3
8 3
8 3
10 1
1 9
1 9
1 9
1 9
1 9
1 9
1 9
1 9
1 9
1 9
1 9
1 9
1 9
1 9
1 9
1 9
1 9
1 9
1 9
1 9
1 9
1 9
1 9
1 9
1 9
1 9
1 9
1 9
1 9
1 9
1 9
1 9
1 9
1 9
1 9
1 9
1 9
1 9
1 9
1 9
1 9
1 9
1 9
1 9
1 9
1 9
1 9
1 9
1 9
1 9
1 9
1 9
1 9
1 9
1 9
1 9
1 9
1 9
1 9
1 9
1 9
1 9
1 9
1 9
1 9
1 9
1 9
1 9
1 9
1 9
1 9
1 9
1 9
1 9
1 9
1 9
1 9
1 9
1 9
1 9
1 9
1 9
1 9
1 9
1 9
1 9
1 9
1 9
1 9
1 9
1 9
1 9
1 9
1 9
1 9
1 9
1 9
1 9
1 9
1 9
1 9
1 9
1 9
1 9
1 9
1 9
1 9
1 9
1 9
1 9
1 9
1 9
1 9
1 9
1 9
1 9
1 9
1 9
1 9
1 9
1 9
1 9
1 9
1 9
1 9
1 9
1 9
1 9
1 9
1 9
1 9
1 9
1 9
1 9
1 9
1 9
1 9
1 9
1 9
1 9
1 9
1 9
1 9
1 9
1 9
1 9
1 9
1 9
1 9
1 9
1 9
1 9
1 9
1 9
1 9
1 9
1 9
1 9
1 9
1 9
1 9
1 9
1 9
1 9
1 9
1 9
1 9
1 9
1 9
1 9
1 9
1 9
1 9
1 9
1 9
1 9
1 9
1 9
1 9
1 9
1 9
1 9
1 9
1 9
1 9
1 9
1 9
2 8
1 9
2 8
1 9
2 8
1 9
2 8
1 9
2 8
1 9
2 8
1 9
2 8
1 9
2 8
1 9
2 8
1 9
2 8
1 9
2 8
1 9
2 8
1 9
2 8
1 9
2 8
1 9
2 8
1 9
2 8
1 9
2 8
1 9
2 8
1 9
2 8
1 9
2 8
1 9
2 8
1 9
2 8
1 9
2 8
1 9
2 8
1 9
2 8
1 9
2 8
1 9
2 8
1 9
2 8
1 9
2 8
1 9
2 8
1 9
2 8
1 9
2 8
1 9
2 8
1 9
2 8
1 9
2 8
1 9
2 8
1 9
2 8
1 9
2 8
1 9
2 8
1 9
2 8
1 9
2 8
1 9
2 8
1 9
2 8
1 9
2 8
1 9
2 8
1 9
2 8
1 9
2 8
1 9
2 8
1 9
2 8
1 9
2 8
1 9
2 8
1 9
2 8
1 9
2 8
1 9
2 8
1 9
2 8
1 9
2 8
1 9
2 8
1 9
2 8
1 9
2 8
1 9
2 8
1 9
2 8
1 9
2 8
1 9
2 8
1 9
2 8
1 9
2 8
1 9
2 8
1 9
2 8
1 9
2 8
1 9
2 8
1 9
2 8
1 9
3 7
3 7
3 7
3 7
3 7
3 7
3 7
3 7
3 7
3 7
3 7
3 7
3 7
3 7
3 7
3 7
5 5
5 5
5 5
5 5
5 5
5 5
5 5
5 5
6 4
5 5
6 4
5 5
6 4
5 5
6 4
5 5
6 4
5 5
7 3
6 4
7 3
6 4
7 3
6 4
7 3
6 4
7 3
6 4
7 3
6 4
7 3
6 4
7 3
6 4
7 3
6 4
7 3
6 4
7 3
6 4
7 3
7 3
7 3
7 3
7 3
7 3
7 3
7 3
7 3
7 3
7 3
7 3
7 3
9 1
2 7
2 7
2 7
2 7
2 7
2 7
2 7
2 7
2 7
2 7
2 7
2 7
2 7
2 7
2 7
2 7
2 7
2 7
2 7
2 7
2 7
2 7
2 7
2 7
2 7
2 7
2 7
2 7
2 7
2 7
2 7
2 7
2 7
2 7
2 7
2 7
2 7
2 7
2 7
2 7
2 7
2 7
2 7
2 7
2 7
2 7
2 7
2 7
2 7
2 7
2 7
2 7
2 7
2 7
2 7
2 7
2 7
2 7
2 7
2 7
2 7
2 7
2 7
2 7
2 7
2 7
2 7
2 7
2 7
2 7
3 6
2 7
3 6
2 7
3 6
2 7
3 6
2 7
3 6
2 7
3 6
2 7
3 6
2 7
3 6
2 7
3 6
2 7
3 6
2 7
3 6
2 7
3 6
2 7
3 6
2 7
3 6
2 7
3 6
2 7
3 6
2 7
5 4
4 5
5 4
4 5
5 4
4 5
5 4
4 5
5 4
4 5
5 4
4 5
5 4
4 5
5 4
4 5
5 4
4 5
5 4
4 5
5 4
4 5
5 4
4 5
5 4
4 5
6 3
5 4
6 3
5 4
6 3
5 4
6 3
5 4
6 3
5 4
6 3
5 4
6 3
5 4
6 3
5 4
6 3
5 4
6 3
5 4
6 3
5 4
6 3
5 4
6 3
5 4
6 3
5 4
6 3
5 4
6 3
5 4
6 3
6 3
6 3
6 3
6 3
6 3
6 3
6 3
6 3
6 3
6 3
6 3
6 3
6 3
6 3
6 3
6 3
6 3
6 3
6 3
6 3
6 3
6 3
6 3
8 1
1 7
1 7
1 7
1 7
1 7
1 7
1 7
1 7
1 7
1 7
1 7
1 7
1 7
1 7
1 7
1 7
1 7
1 7
1 7
1 7
1 7
1 7
1 7
1 7
1 7
1 7
1 7
1 7
1 7
1 7
1 7
1 7
1 7
1 7
1 7
1 7
1 7
1 7
1 7
1 7
1 7
1 7
1 7
1 7
1 7
1 7
1 7
1 7
1 7
1 7
1 7
1 7
1 7
1 7
1 7
1 7
1 7
1 7
1 7
1 7
1 7
1 7
1 7
1 7
1 7
1 7
1 7
1 7
1 7
1 7
1 7
1 7
1 7
1 7
1 7
1 7
1 7
1 7
1 7
1 7
1 7
1 7
1 7
1 7
1 7
1 7
3 5
3 5
3 5
3 5
3 5
3 5
3 5
3 5
3 5
3 5
3 5
3 5
3 5
3 5
3 5
3 5
4 4
3 5
4 4
3 5
4 4
3 5
4 4
3 5
4 4
3 5
4 4
3 5
4 4
3 5
4 4
3 5
4 4
3 5
4 4
3 5
4 4
3 5
4 4
3 5
4 4
3 5
5 3
4 4
5 3
4 4
5 3
4 4
5 3
4 4
5 3
4 4
5 3
4 4
5 3
4 4
5 3
4 4
5 3
4 4
5 3
4 4
5 3
4 4
5 3
4 4
5 3
4 4
5 3
4 4
5 3
4 4
5 3
4 4
5 3
4 4
5 3
4 4
5 3
4 4
5 3
4 4
5 3
4 4
5 3
4 4
5 3
4 4
5 3
4 4
5 3
4 4
5 3
4 4
5 3
4 4
5 3
4 4
5 3
4 4
5 3
5 3
5 3
5 3
5 3
5 3
5 3
5 3
5 3
5 3
5 3
5 3
5 3
5 3
5 3
5 3
5 3
5 3
5 3
5 3
5 3
5 3
5 3
5 3
5 3
5 3
5 3
5 3
5 3
5 3
5 3
5 3
5 3
5 3
5 3
5 3
5 3
5 3
5 3
5 3
7 1
1 6
1 6
1 6
1 6
1 6
1 6
1 6
1 6
1 6
1 6
1 6
1 6
1 6
1 6
1 6
1 6
1 6
1 6
1 6
1 6
1 6
1 6
1 6
1 6
1 6
1 6
1 6
1 6
1 6
1 6
1 6
1 6
1 6
1 6
1 6
1 6
1 6
1 6
1 6
1 6
1 6
1 6
1 6
1 6
1 6
1 6
1 6
1 6
1 6
1 6
1 6
1 6
1 6
1 6
1 6
1 6
1 6
1 6
1 6
1 6
1 6
1 6
1 6
1 6
1 6
1 6
1 6
1 6
1 6
1 6
1 6
1 6
1 6
1 6
1 6
1 6
1 6
1 6
1 6
1 6
1 6
1 6
1 6
1 6
1 6
1 6
3 4
2 5
3 4
2 5
3 4
2 5
3 4
2 5
3 4
2 5
3 4
2 5
3 4
2 5
3 4
2 5
3 4
2 5
3 4
2 5
3 4
2 5
3 4
2 5
3 4
2 5
3 4
2 5
3 4
2 5
3 4
2 5
3 4
2 5
3 4
2 5
3 4
2 5
3 4
2 5
3 4
2 5
3 4
2 5
3 4
2 5
3 4
2 5
3 4
2 5
3 4
2 5
3 4
2 5
3 4
2 5
3 4
2 5
4 3
3 4
4 3
3 4
4 3
3 4
4 3
3 4
4 3
3 4
4 3
3 4
4 3
3 4
4 3
3 4
4 3
3 4
4 3
3 4
4 3
3 4
4 3
3 4
4 3
3 4
4 3
3 4
4 3
3 4
4 3
3 4
4 3
3 4
4 3
3 4
4 3
3 4
4 3
3 4
4 3
3 4
4 3
3 4
4 3
3 4
4 3
3 4
4 3
3 4
4 3
3 4
4 3
3 4
4 3
3 4
4 3
3 4
4 3
3 4
4 3
3 4
4 3
3 4
4 3
3 4
4 3
3 4
4 3
3 4
4 3
3 4
4 3
3 4
4 3
3 4
4 3
3 4
4 3
3 4
4 3
3 4
4 3
3 4
4 3
4 3
4 3
4 3
4 3
4 3
4 3
4 3
4 3
4 3
4 3
4 3
4 3
4 3
4 3
4 3
4 3
4 3
4 3
4 3
4 3
4 3
4 3
4 3
4 3
4 3
4 3
4 3
4 3
4 3
4 3
4 3
4 3
4 3
4 3
4 3
4 3
4 3
4 3
4 3
4 3
4 3
4 3
4 3
4 3
4 3
4 3
4 3
4 3
4 3
4 3
4 3
4 3
4 3
4 3
4 3
4 3
4 3
4 3
4 3
4 3
4 3
4 3
4 3
4 3
4 3
4 3
4 3
4 3
6 1
1 5
1 5
1 5
1 5
1 5
1 5
1 5
1 5
1 5
1 5
1 5
1 5
1 5
1 5
1 5
1 5
1 5
1 5
1 5
1 5
1 5
1 5
1 5
1 5
1 5
1 5
1 5
1 5
1 5
1 5
1 5
1 5
1 5
1 5
1 5
1 5
1 5
1 5
1 5
1 5
1 5
1 5
1 5
1 5
1 5
1 5
1 5
1 5
1 5
1 5
1 5
1 5
1 5
1 5
1 5
1 5
1 5
1 5
1 5
1 5
1 5
1 5
1 5
1 5
1 5
1 5
1 5
1 5
1 5
1 5
1 5
1 5
1 5
1 5
1 5
1 5
1 5
1 5
1 5
1 5
1 5
1 5
1 5
1 5
1 5
1 5
2 4
1 5
2 4
1 5
2 4
1 5
2 4
1 5
2 4
1 5
2 4
1 5
2 4
1 5
2 4
1 5
2 4
1 5
2 4
1 5
2 4
1 5
2 4
1 5
2 4
1 5
2 4
1 5
2 4
1 5
2 4
1 5
2 4
1 5
2 4
1 5
2 4
1 5
2 4
1 5
2 4
1 5
2 4
1 5
2 4
1 5
2 4
1 5
2 4
1 5
2 4
1 5
2 4
1 5
2 4
1 5
2 4
1 5
3 3
2 4
3 3
2 4
3 3
2 4
3 3
2 4
3 3
2 4
3 3
2 4
3 3
2 4
3 3
2 4
3 3
2 4
3 3
2 4
3 3
2 4
3 3
2 4
3 3
2 4
3 3
2 4
3 3
2 4
3 3
2 4
3 3
2 4
3 3
2 4
3 3
2 4
3 3
2 4
3 3
2 4
3 3
2 4
3 3
2 4
3 3
2 4
3 3
2 4
3 3
2 4
3 3
2 4
3 3
2 4
3 3
2 4
3 3
2 4
3 3
2 4
3 3
2 4
3 3
2 4
3 3
2 4
3 3
2 4
3 3
2 4
3 3
2 4
3 3
2 4
3 3
2 4
3 3
2 4
3 3
2 4
3 3
2 4
3 3
2 4
3 3
2 4
3 3
2 4
3 3
2 4
3 3
2 4
3 3
2 4
3 3
2 4
3 3
2 4
3 3
2 4
3 3
2 4
3 3
2 4
3 3
2 4
3 3
2 4
3 3
2 4
3 3
2 4
3 3
2 4
3 3
2 4
3 3
2 4
3 3
2 4
3 3
2 4
3 3
2 4
3 3
2 4
3 3
2 4
3 3
2 4
3 3
2 4
3 3
2 4
3 3
2 4
3 3
2 4
3 3
2 4
3 3
3 3
3 3
3 3
3 3
3 3
3 3
3 3
3 3
3 3
3 3
3 3
3 3
3 3
3 3
3 3
3 3
3 3
3 3
3 3
3 3
3 3
3 3
3 3
3 3
3 3
3 3
3 3
3 3
3 3
3 3
3 3
3 3
3 3
3 3
3 3
3 3
3 3
3 3
3 3
3 3
3 3
3 3
3 3
3 3
3 3
3 3
3 3
3 3
3 3
3 3
3 3
3 3
3 3
3 3
3 3
3 3
3 3
3 3
3 3
3 3
3 3
3 3
3 3
3 3
3 3
3 3
3 3
3 3
3 3
3 3
3 3
3 3
3 3
3 3
3 3
3 3
3 3
3 3
3 3
3 3
3 3
3 3
3 3
3 3
3 3
3 3
3 3
3 3
3 3
3 3
3 3
3 3
3 3
3 3
3 3
3 3
3 3
3 3
3 3
3 3
3 3
3 3
3 3
3 3
3 3
3 3
3 3
3 3
3 3
3 3
5 1
1 4
1 4
1 4
1 4
1 4
1 4
1 4
1 4
1 4
1 4
1 4
1 4
1 4
1 4
1 4
1 4
1 4
1 4
1 4
1 4
1 4
1 4
1 4
1 4
1 4
1 4
1 4
1 4
1 4
1 4
1 4
1 4
1 4
1 4
1 4
1 4
1 4
1 4
1 4
1 4
1 4
1 4
1 4
1 4
1 4
1 4
1 4
1 4
1 4
1 4
1 4
1 4
1 4
1 4
1 4
1 4
1 4
1 4
1 4
1 4
1 4
1 4
1 4
1 4
1 4
1 4
1 4
1 4
1 4
1 4
1 4
1 4
1 4
1 4
1 4
1 4
1 4
1 4
1 4
1 4
1 4
1 4
1 4
1 4
1 4
1 4
1 4
1 4
1 4
1 4
1 4
1 4
1 4
1 4
1 4
1 4
1 4
1 4
1 4
1 4
1 4
1 4
1 4
1 4
1 4
1 4
1 4
1 4
1 4
1 4
1 4
1 4
1 4
1 4
1 4
2 3
1 4
2 3
1 4
2 3
1 4
2 3
1 4
2 3
1 4
2 3
1 4
2 3
1 4
2 3
1 4
2 3
1 4
2 3
1 4
2 3
1 4
2 3
1 4
2 3
1 4
2 3
1 4
2 3
1 4
2 3
1 4
2 3
1 4
2 3
1 4
2 3
1 4
2 3
1 4
2 3
1 4
2 3
1 4
2 3
1 4
2 3
1 4
2 3
1 4
2 3
1 4
2 3
1 4
2 3
1 4
2 3
1 4
2 3
1 4
2 3
1 4
2 3
1 4
2 3
1 4
2 3
1 4
2 3
1 4
2 3
1 4
2 3
1 4
2 3
1 4
2 3
1 4
2 3
1 4
2 3
1 4
2 3
1 4
2 3
1 4
2 3
1 4
2 3
1 4
2 3
1 4
2 3
1 4
2 3
1 4
2 3
1 4
2 3
1 4
2 3
1 4
2 3
1 4
2 3
1 4
2 3
1 4
2 3
1 4
2 3
1 4
2 3
1 4
2 3
1 4
2 3
1 4
2 3
1 4
2 3
1 4
2 3
1 4
2 3
1 4
2 3
1 4
2 3
1 4
2 3
1 4
2 3
1 4
2 3
1 4
2 3
1 4
2 3
1 4
2 3
1 4
2 3
1 4
2 3
1 4
2 3
1 4
2 3
1 4
2 3
1 4
2 3
1 4
2 3
1 4
2 3
1 4
2 3
1 4
2 3
1 4
2 3
1 4
2 3
1 4
2 3
1 4
2 3
1 4
2 3
1 4
2 3
1 4
2 3
1 4
2 3
1 4
2 3
1 4
2 3
1 4
2 3
1 4
2 3
1 4
2 3
1 4
2 3
1 4
2 3
1 4
2 3
1 4
2 3
1 4
2 3
1 4
2 3
1 4
2 3
2 3
2 3
2 3
2 3
2 3
2 3
2 3
2 3
2 3
2 3
2 3
2 3
2 3
2 3
2 3
2 3
2 3
2 3
2 3
2 3
2 3
2 3
2 3
2 3
2 3
2 3
2 3
2 3
2 3
2 3
2 3
2 3
2 3
2 3
2 3
2 3
2 3
2 3
2 3
2 3
2 3
2 3
2 3
2 3
2 3
2 3
2 3
2 3
2 3
2 3
2 3
2 3
2 3
2 3
2 3
2 3
2 3
2 3
2 3
2 3
2 3
2 3
2 3
2 3
2 3
2 3
2 3
2 3
2 3
2 3
2 3
2 3
2 3
2 3
2 3
2 3
2 3
2 3
2 3
2 3
2 3
2 3
2 3
2 3
2 3
2 3
2 3
2 3
2 3
2 3
2 3
2 3
2 3
2 3
2 3
2 3
2 3
2 3
2 3
2 3
2 3
2 3
2 3
2 3
2 3
2 3
2 3
2 3
2 3
2 3
2 3
2 3
2 3
2 3
2 3
2 3
2 3
2 3
2 3
2 3
2 3
2 3
2 3
2 3
2 3
2 3
2 3
2 3
2 3
2 3
2 3
2 3
2 3
2 3
2 3
2 3
2 3
2 3
2 3
2 3
2 3
2 3
2 3
2 3
2 3
2 3
2 3
2 3
2 3
2 3
2 3
2 3
2 3
2 3
2 3
2 3
2 3
2 3
2 3
2 3
2 3
2 3
2 3
2 3
2 3
2 3
2 3
2 3
2 3
2 3
2 3
2 3
2 3
2 3
2 3
2 3
2 3
2 3
2 3
2 3
2 3
4 1
1 3
1 3
1 3
1 3
1 3
1 3
1 3
1 3
1 3
1 3
1 3
1 3
1 3
1 3
1 3
1 3
1 3
1 3
1 3
1 3
1 3
1 3
1 3
1 3
1 3
1 3
1 3
1 3
1 3
1 3
1 3
1 3
1 3
1 3
1 3
1 3
1 3
1 3
1 3
1 3
1 3
1 3
1 3
1 3
1 3
1 3
1 3
1 3
1 3
1 3
1 3
1 3
1 3
1 3
1 3
1 3
1 3
1 3
1 3
1 3
1 3
1 3
1 3
1 3
1 3
1 3
1 3
1 3
1 3
1 3
1 3
1 3
1 3
1 3
1 3
1 3
1 3
1 3
1 3
1 3
1 3
1 3
1 3
1 3
1 3
1 3
1 3
1 3
1 3
1 3
1 3
1 3
1 3
1 3
1 3
1 3
1 3
1 3
1 3
1 3
1 3
1 3
1 3
1 3
1 3
1 3
1 3
1 3
1 3
1 3
1 3
1 3
1 3
1 3
1 3
1 3
1 3
1 3
1 3
1 3
1 3
1 3
1 3
1 3
1 3
1 3
1 3
1 3
1 3
1 3
1 3
1 3
1 3
1 3
1 3
1 3
1 3
1 3
1 3
1 3
1 3
1 3
1 3
1 3
1 3
1 3
1 3
1 3
1 3
1 3
1 3
1 3
1 3
1 3
1 3
1 3
1 3
1 3
1 3
1 3
1 3
1 3
1 3
1 3
1 3
1 3
1 3
1 3
1 3
1 3
1 3
1 3
1 3
1 3
1 3
1 3
1 3
1 3
1 3
1 3
1 3
1 3
1 3
1 3
1 3
1 3
1 3
1 3
1 3
1 3
1 3
1 3
1 3
1 3
1 3
1 3
1 3
1 3
1 3
1 3
1 3
1 3
1 3
1 3
1 3
1 3
1 3
1 3
1 3
1 3
1 3
1 3
1 3
1 3
1 3
1 3
1 3
1 3
1 3
1 3
1 3
1 3
1 3
1 3
1 3
1 3
1 3
1 3
1 3
1 3
1 3
1 3
1 3
1 3
1 3
1 3
1 3
1 3
1 3
1 3
1 3
1 3
1 3
1 3
1 3
1 3
1 3
1 3
1 3
1 3
1 3
1 3
1 3
1 3
1 3
1 3
1 3
1 3
1 3
1 3
1 3
1 3
1 3
1 3
1 3
1 3
1 3
1 3
1 3
1 3
1 3
1 3
1 3
1 3
1 3
1 3
1 3
1 3
1 3
1 3
1 3
1 3
1 3
1 3
1 3
1 3
1 3
1 3
1 3
1 3
1 3
1 3
1 3
1 3
1 3
1 3
1 3
1 3
1 3
1 3
1 3
1 3
1 3
1 3
1 3
1 3
1 3
1 3
1 3
1 3
1 3
1 3
1 3
1 3
1 3
1 3
1 3
1 3
1 3
1 3
1 3
1 3
1 3
1 3
1 3
1 3
1 3
1 3
1 3
1 3
1 3
1 3
1 3
1 3
1 3
1 3
1 3
1 3
1 3
1 3
1 3
1 3
1 3
1 3
1 3
1 3
1 3
1 3
1 3
1 3
1 3
1 3
1 3
1 3
1 3
1 3
1 3
1 3
1 3
1 3
1 3
1 3
1 3
1 3
1 3
1 3
1 3
1 3
1 3
1 3
1 3
1 3
1 3
1 3
1 3
1 3
1 3
1 3
1 3
1 3
1 3
1 3
1 3
1 3
1 3
1 3
1 3
1 3
1 3
1 3
1 3
1 3
1 3
1 3
1 3
1 3
1 3
1 3
1 3
1 3
1 3
1 3
1 3
1 3
1 3
1 3
1 3
1 3
1 3
1 3
1 3
1 3
1 3
1 3
1 3
1 3
1 3
1 3
1 3
1 3
1 3
1 3
1 3
1 3
1 3
1 3
1 3
1 3
1 3
1 3
1 3
1 3
1 3
1 3
1 3
1 3
1 3
1 3
1 3
1 3
1 3
1 3
1 3
1 3
1 3
1 3
1 3
1 3
1 3
1 3
1 3
1 3
1 3
1 3
1 3
1 3
1 3
1 3
1 3
1 3
1 3
1 3
1 3
1 3
1 3
1 3
1 3
1 3
1 3
1 3
1 3
1 3
1 3
1 3
1 3
1 3
1 3
1 3
1 3
1 3
1 3
1 3
1 3
1 3
1 3
1 3
1 3
1 3
1 3
1 3
1 3
1 3
1 3
1 3
1 3
1 3
1 3
3 1
2 1
1 1
1 0
42
11 31
11 30
11 29
11 28
11 27
11 26
11 25
11 24
11 23
11 22
11 21
11 20
11 19
11 18
11 17
11 16
11 15
11 14
11 13
11 12
11 11
11 10
11 9
11 8
11 7
11 6
11 5
11 4
11 3
11 2
11 1
10 1
9 1
8 1
7 1
6 1
5 1
4 1
3 1
2 1
1 1
1 0
