191
10 29
10 28
10 27
10 26
9 29
9 28
9 26
11 29
11 28
11 27
8 29
11 26
8 28
8 26
11 25
11 24
11 23
11 22
11 21
11 20
11 19
11 18
7 29
10 24
7 28
7 26
10 23
11 17
10 22
11 16
10 20
10 19
11 15
10 18
11 14
9 24
10 16
11 13
9 22
6 29
6 28
6 26
9 20
11 12
10 14
9 18
10 13
11 11
9 16
8 24
8 22
9 14
11 10
8 20
10 11
9 13
5 29
5 28
5 26
8 18
11 9
8 16
9 11
8 14
10 9
7 24
8 13
7 22
11 8
7 20
7 18
8 11
9 9
10 8
7 16
4 29
4 28
4 26
11 7
7 14
9 8
7 13
8 9
6 24
7 11
6 22
6 20
8 8
11 6
6 18
6 16
7 9
10 6
6 14
6 13
7 8
9 6
3 29
3 28
3 26
6 11
11 5
6 9
10 5
5 24
5 22
5 20
6 8
9 5
5 18
5 16
5 14
5 13
8 5
5 11
11 4
7 5
5 9
10 4
5 8
9 4
2 29
2 28
2 26
8 4
4 24
4 22
7 4
4 20
4 18
4 16
4 14
4 13
4 11
6 4
11 3
4 9
4 8
5 4
1 26
1 25
1 24
1 28
1 29
4 4
3 24
3 22
3 20
3 18
3 16
3 14
3 13
3 11
11 2
3 9
10 2
3 8
9 2
8 2
7 2
6 2
3 4
5 2
7 6
4 2
3 2
2 24
2 22
2 20
2 18
2 16
2 14
2 13
2 11
11 1
2 9
10 1
2 8
9 1
8 1
7 1
6 1
2 4
5 1
4 1
2 2
3 1
5 5
2 1
1 1
1 0
41
10 29
10 28
10 27
10 26
11 26
11 25
11 24
11 23
11 22
11 21
11 20
11 19
11 18
11 17
11 16
11 15
11 14
11 13
11 12
11 11
11 10
11 9
11 8
11 7
11 6
11 5
11 4
11 3
11 2
10 2
9 2
8 2
7 2
6 2
5 2
4 2
3 2
2 2
2 1
1 1
1 0
