211
10 29
11 29
9 29
10 28
11 28
8 29
9 28
10 27
11 27
7 29
8 28
10 26
11 26
6 29
7 28
9 26
11 25
5 29
6 28
8 26
11 24
4 29
5 28
7 26
10 24
11 23
3 29
4 28
6 26
9 24
10 23
11 22
2 29
3 28
5 26
8 24
10 22
11 21
1 29
2 28
4 26
7 24
9 22
11 20
1 28
3 26
6 24
8 22
10 20
11 19
2 26
5 24
7 22
9 20
10 19
11 18
1 26
4 24
6 22
8 20
10 18
11 17
1 25
3 24
5 22
7 20
9 18
11 16
1 24
2 24
4 22
6 20
8 18
10 16
11 15
3 22
5 20
7 18
9 16
11 14
2 22
4 20
6 18
8 16
10 14
11 13
1 22
3 20
5 18
7 16
9 14
10 13
11 12
1 21
2 20
4 18
6 16
8 14
9 13
11 11
1 20
3 18
5 16
7 14
8 13
10 11
11 10
2 18
4 16
6 14
7 13
9 11
11 9
1 18
3 16
5 14
6 13
8 11
10 9
11 8
2 16
4 14
5 13
7 11
9 9
10 8
11 7
1 16
3 14
4 13
6 11
8 9
9 8
11 6
1 15
2 14
3 13
5 11
7 9
8 8
10 6
11 5
1 14
2 13
4 11
6 9
7 8
9 6
10 5
11 4
1 13
3 11
5 9
6 8
9 5
10 4
11 3
2 11
4 9
5 8
8 5
9 4
11 2
1 11
3 9
4 8
7 5
8 4
10 2
11 1
2 9
3 8
7 6
7 4
9 2
10 1
1 9
2 8
6 4
8 2
9 1
1 8
5 4
7 2
8 1
1 7
5 5
4 4
6 2
7 1
1 6
5 6
3 4
5 2
6 1
1 5
3 5
2 4
4 2
5 1
2 5
1 4
3 6
3 2
4 1
2 2
3 1
1 2
2 1
1 1
1 0
41
10 29
11 29
11 28
11 27
11 26
11 25
11 24
11 23
11 22
11 21
11 20
11 19
11 18
11 17
11 16
11 15
11 14
11 13
11 12
11 11
11 10
11 9
11 8
11 7
11 6
11 5
11 4
11 3
11 2
10 2
9 2
8 2
7 2
6 2
5 2
4 2
3 2
2 2
1 2
1 1
1 0
