180
10 29
9 29
8 29
7 29
6 29
5 29
4 29
3 29
2 29
1 29
1 28
2 28
3 28
4 28
5 28
6 28
7 28
8 28
9 28
10 28
10 27
10 26
9 26
8 26
7 26
6 26
5 26
4 26
3 26
2 26
1 26
1 25
1 24
2 24
3 24
4 24
5 24
6 24
7 24
8 24
9 24
10 24
10 23
10 22
9 22
8 22
7 22
6 22
5 22
4 22
3 22
2 22
1 22
1 21
1 20
2 20
3 20
4 20
5 20
6 20
7 20
8 20
9 20
10 20
10 19
10 18
9 18
8 18
7 18
6 18
5 18
4 18
3 18
2 18
1 18
11 18
11 17
11 16
10 16
9 16
8 16
7 16
6 16
5 16
4 16
3 16
2 16
1 16
1 15
1 14
1 13
2 13
2 14
3 13
3 14
4 13
4 14
5 13
5 14
6 13
6 14
7 13
7 14
8 13
8 14
9 13
9 14
10 13
10 14
11 13
11 12
11 11
10 11
9 11
8 11
7 11
6 11
5 11
4 11
3 11
2 11
1 11
11 10
11 9
10 9
9 9
8 9
7 9
6 9
5 9
4 9
3 9
2 9
1 9
1 8
1 7
1 6
1 5
1 4
2 4
2 5
3 4
3 5
4 4
3 6
5 4
2 8
5 5
6 4
3 8
5 6
7 4
4 8
7 5
8 4
5 8
7 6
8 5
9 4
6 8
9 5
10 4
7 8
9 6
10 5
11 4
11 3
11 2
10 2
9 2
8 2
7 2
6 2
5 2
4 2
3 2
2 2
1 2
1 1
1 0
117
10 29
10 28
10 27
10 26
9 26
8 26
7 26
6 26
5 26
4 26
3 26
2 26
1 26
1 25
1 24
2 24
3 24
4 24
5 24
6 24
7 24
8 24
9 24
10 24
10 23
10 22
9 22
8 22
7 22
6 22
5 22
4 22
3 22
2 22
1 22
1 21
1 20
2 20
3 20
4 20
5 20
6 20
7 20
8 20
9 20
10 20
10 19
10 18
11 18
11 17
11 16
10 16
9 16
8 16
7 16
6 16
5 16
4 16
3 16
2 16
1 16
1 15
1 14
1 13
2 13
3 13
4 13
5 13
6 13
7 13
8 13
9 13
10 13
11 13
11 12
11 11
11 10
11 9
10 9
9 9
8 9
7 9
6 9
5 9
4 9
3 9
2 9
1 9
1 8
1 7
1 6
1 5
1 4
2 4
3 4
4 4
5 4
6 4
7 4
8 4
9 4
10 4
11 4
11 3
11 2
10 2
9 2
8 2
7 2
6 2
5 2
4 2
3 2
2 2
1 2
1 1
1 0
