430
10 28
9 28
11 28
10 27
9 28
8 28
9 27
8 28
7 28
8 27
7 28
6 28
7 27
6 28
5 28
6 27
5 28
4 28
5 27
4 28
3 28
4 27
3 28
2 28
3 27
2 28
1 28
2 27
1 28
1 27
1 27
2 27
2 27
3 27
2 27
3 27
3 27
4 27
3 27
4 27
3 27
4 27
4 27
5 27
4 27
5 27
4 27
5 27
4 27
5 27
5 27
6 27
5 27
6 27
5 27
6 27
5 27
6 27
5 27
6 27
6 27
7 27
6 27
7 27
6 27
7 27
6 27
7 27
6 27
7 27
6 27
7 27
7 27
8 27
7 27
8 27
7 27
8 27
7 27
8 27
7 27
8 27
7 27
8 27
7 27
8 27
8 27
9 27
8 27
9 27
8 27
9 27
8 27
9 27
8 27
9 27
8 27
9 27
8 27
9 27
8 27
9 27
9 27
10 27
9 27
10 27
9 27
10 27
9 27
10 27
9 27
10 27
9 27
10 27
9 27
10 27
9 27
10 27
9 27
10 27
10 27
11 27
10 26
10 26
11 26
10 25
10 25
9 25
11 25
9 25
8 25
8 25
7 25
7 25
6 25
6 25
5 25
5 25
4 25
4 25
3 25
3 25
2 25
2 25
1 25
1 25
1 24
1 24
1 23
1 23
2 23
2 23
3 23
3 23
4 23
4 23
5 23
5 23
6 23
6 23
7 23
7 23
8 23
8 23
9 23
9 23
10 23
10 23
11 23
10 22
10 22
11 22
10 21
10 21
9 21
11 21
9 21
8 21
8 21
7 21
7 21
6 21
6 21
5 21
5 21
4 21
4 21
3 21
3 21
2 21
2 21
1 21
1 21
1 20
1 20
1 19
1 19
2 19
2 19
3 19
3 19
4 19
4 19
5 19
5 19
6 19
6 19
7 19
7 19
8 19
8 19
9 19
9 19
10 19
10 19
11 19
10 18
10 18
11 18
10 17
10 17
9 17
11 17
9 17
8 17
8 17
7 17
7 17
6 17
6 17
5 17
5 17
4 17
4 17
3 17
3 17
2 17
2 17
1 17
1 17
1 16
1 16
1 15
1 15
2 15
2 15
3 15
3 15
4 15
4 15
5 15
5 15
6 15
6 15
7 15
7 15
8 15
8 15
9 15
9 15
10 15
10 15
11 15
10 14
10 14
11 14
10 13
10 13
9 13
11 13
9 13
8 13
8 13
7 13
7 13
6 13
6 13
5 13
5 13
4 13
4 13
3 13
3 13
2 13
2 13
1 13
1 13
1 12
1 12
1 11
1 11
2 11
2 11
3 11
3 11
4 11
4 11
5 11
5 11
6 11
6 11
7 11
7 11
8 11
8 11
9 11
9 11
10 11
10 11
11 11
10 10
10 10
11 10
10 9
10 9
9 9
11 9
9 9
8 9
8 9
7 9
7 9
6 9
6 9
5 9
5 9
4 9
4 9
3 9
3 9
2 9
2 9
1 9
1 9
1 8
1 8
1 7
1 7
2 7
2 7
3 7
3 7
4 7
4 7
5 7
5 7
6 7
6 7
7 7
7 7
8 7
8 7
9 7
9 7
10 7
10 7
11 7
10 6
10 6
11 6
10 5
10 5
9 5
11 5
9 5
8 5
8 5
7 5
7 5
6 5
6 5
5 5
5 5
4 5
4 5
3 5
3 5
2 5
2 5
1 5
1 5
1 4
1 4
1 3
1 3
2 3
2 3
3 3
3 3
4 3
4 3
5 3
5 3
6 3
6 3
7 3
7 3
8 3
8 3
9 3
9 3
10 3
10 3
11 3
10 2
10 2
11 2
10 1
10 1
9 1
11 1
9 1
8 1
8 1
7 1
7 1
6 1
6 1
5 1
5 1
4 1
4 1
3 1
3 1
2 1
2 1
1 1
1 1
1 0
1 0
164
10 28
9 28
8 28
7 28
6 28
5 28
4 28
3 28
2 28
1 28
1 27
2 27
3 27
4 27
5 27
6 27
7 27
8 27
9 27
10 27
10 26
10 25
9 25
8 25
7 25
6 25
5 25
4 25
3 25
2 25
1 25
1 24
1 23
2 23
3 23
4 23
5 23
6 23
7 23
8 23
9 23
10 23
10 22
10 21
9 21
8 21
7 21
6 21
5 21
4 21
3 21
2 21
1 21
1 20
1 19
2 19
3 19
4 19
5 19
6 19
7 19
8 19
9 19
10 19
10 18
10 17
9 17
8 17
7 17
6 17
5 17
4 17
3 17
2 17
1 17
1 16
1 15
2 15
3 15
4 15
5 15
6 15
7 15
8 15
9 15
10 15
10 14
10 13
9 13
8 13
7 13
6 13
5 13
4 13
3 13
2 13
1 13
1 12
1 11
2 11
3 11
4 11
5 11
6 11
7 11
8 11
9 11
10 11
10 10
10 9
9 9
8 9
7 9
6 9
5 9
4 9
3 9
2 9
1 9
1 8
1 7
2 7
3 7
4 7
5 7
6 7
7 7
8 7
9 7
10 7
10 6
10 5
9 5
8 5
7 5
6 5
5 5
4 5
3 5
2 5
1 5
1 4
1 3
2 3
3 3
4 3
5 3
6 3
7 3
8 3
9 3
10 3
10 2
10 1
9 1
8 1
7 1
6 1
5 1
4 1
3 1
2 1
1 1
1 0
