2561
10 29
11 29
10 28
9 29
9 28
8 29
11 28
10 27
9 28
11 28
8 28
7 29
8 28
8 28
11 27
10 26
11 27
11 27
7 28
6 29
7 28
7 28
7 28
11 26
9 26
11 26
11 26
11 26
6 28
5 29
6 28
6 28
6 28
6 28
8 26
11 25
11 25
11 25
11 25
5 28
4 29
5 28
5 28
5 28
5 28
5 28
7 26
11 24
11 24
11 24
11 24
4 28
3 29
4 28
4 28
4 28
4 28
4 28
4 28
6 26
11 23
10 24
11 23
10 24
11 23
10 24
11 23
10 24
3 28
2 29
3 28
3 28
3 28
3 28
3 28
3 28
3 28
5 26
10 23
9 24
10 23
9 24
10 23
9 24
10 23
9 24
11 22
10 23
11 22
10 23
11 22
10 23
11 22
10 23
2 28
1 29
2 28
2 28
2 28
2 28
2 28
2 28
2 28
2 28
4 26
8 24
8 24
8 24
8 24
10 22
10 22
10 22
10 22
10 22
10 22
10 22
10 22
11 21
10 22
11 21
10 22
11 21
10 22
11 21
10 22
1 28
1 28
1 28
1 28
1 28
1 28
1 28
1 28
1 28
1 28
3 26
7 24
7 24
7 24
7 24
9 22
9 22
9 22
9 22
9 22
9 22
9 22
9 22
9 22
9 22
9 22
9 22
11 20
11 20
11 20
11 20
2 26
6 24
6 24
6 24
6 24
8 22
8 22
8 22
8 22
8 22
8 22
8 22
8 22
8 22
8 22
8 22
8 22
11 19
10 20
11 19
10 20
11 19
10 20
11 19
10 20
1 26
5 24
5 24
5 24
5 24
7 22
7 22
7 22
7 22
7 22
7 22
7 22
7 22
7 22
7 22
7 22
7 22
10 19
9 20
10 19
9 20
10 19
9 20
10 19
9 20
11 18
10 19
11 18
10 19
11 18
10 19
11 18
10 19
1 25
4 24
4 24
4 24
4 24
6 22
6 22
6 22
6 22
6 22
6 22
6 22
6 22
6 22
6 22
6 22
6 22
8 20
8 20
8 20
8 20
10 18
10 18
10 18
10 18
10 18
10 18
10 18
10 18
11 17
10 18
11 17
10 18
11 17
10 18
11 17
10 18
1 24
3 24
3 24
3 24
3 24
5 22
5 22
5 22
5 22
5 22
5 22
5 22
5 22
5 22
5 22
5 22
5 22
7 20
7 20
7 20
7 20
9 18
9 18
9 18
9 18
9 18
9 18
9 18
9 18
9 18
9 18
9 18
9 18
11 16
11 16
11 16
11 16
2 24
2 24
2 24
2 24
2 24
4 22
4 22
4 22
4 22
4 22
4 22
4 22
4 22
4 22
4 22
4 22
4 22
6 20
6 20
6 20
6 20
8 18
8 18
8 18
8 18
8 18
8 18
8 18
8 18
8 18
8 18
8 18
8 18
11 15
10 16
11 15
10 16
11 15
10 16
11 15
10 16
3 22
3 22
3 22
3 22
3 22
3 22
3 22
3 22
3 22
3 22
3 22
3 22
5 20
5 20
5 20
5 20
7 18
7 18
7 18
7 18
7 18
7 18
7 18
7 18
7 18
7 18
7 18
7 18
9 16
9 16
9 16
9 16
11 14
11 14
11 14
11 14
2 22
2 22
2 22
2 22
2 22
2 22
2 22
2 22
2 22
2 22
2 22
2 22
4 20
4 20
4 20
4 20
6 18
6 18
6 18
6 18
6 18
6 18
6 18
6 18
6 18
6 18
6 18
6 18
8 16
8 16
8 16
8 16
11 13
10 14
11 13
10 14
11 13
10 14
11 13
10 14
1 22
1 22
1 22
1 22
1 22
1 22
1 22
1 22
1 22
1 22
1 22
1 22
3 20
3 20
3 20
3 20
5 18
5 18
5 18
5 18
5 18
5 18
5 18
5 18
5 18
5 18
5 18
5 18
7 16
7 16
7 16
7 16
10 13
9 14
10 13
9 14
10 13
9 14
10 13
9 14
11 12
10 13
11 12
10 13
11 12
10 13
11 12
10 13
1 21
1 21
1 21
1 21
1 21
1 21
1 21
1 21
1 21
1 21
1 21
1 21
2 20
2 20
2 20
2 20
4 18
4 18
4 18
4 18
4 18
4 18
4 18
4 18
4 18
4 18
4 18
4 18
6 16
6 16
6 16
6 16
9 13
8 14
9 13
8 14
9 13
8 14
9 13
8 14
9 13
9 13
9 13
9 13
9 13
9 13
9 13
9 13
11 11
11 11
11 11
11 11
1 20
1 20
1 20
1 20
1 20
1 20
1 20
1 20
1 20
1 20
1 20
1 20
1 20
1 20
1 20
1 20
3 18
3 18
3 18
3 18
3 18
3 18
3 18
3 18
3 18
3 18
3 18
3 18
5 16
5 16
5 16
5 16
8 13
7 14
8 13
7 14
8 13
7 14
8 13
7 14
8 13
8 13
8 13
8 13
8 13
8 13
8 13
8 13
8 13
8 13
8 13
8 13
11 10
10 11
11 10
10 11
11 10
10 11
11 10
10 11
2 18
2 18
2 18
2 18
2 18
2 18
2 18
2 18
2 18
2 18
2 18
2 18
4 16
4 16
4 16
4 16
7 13
6 14
7 13
6 14
7 13
6 14
7 13
6 14
7 13
7 13
7 13
7 13
7 13
7 13
7 13
7 13
7 13
7 13
7 13
7 13
7 13
7 13
7 13
7 13
9 11
9 11
9 11
9 11
11 9
11 9
11 9
11 9
1 18
1 18
1 18
1 18
1 18
1 18
1 18
1 18
1 18
1 18
1 18
1 18
3 16
3 16
3 16
3 16
6 13
5 14
6 13
5 14
6 13
5 14
6 13
5 14
6 13
6 13
6 13
6 13
6 13
6 13
6 13
6 13
6 13
6 13
6 13
6 13
6 13
6 13
6 13
6 13
6 13
6 13
6 13
6 13
8 11
8 11
8 11
8 11
11 8
10 9
11 8
10 9
11 8
10 9
11 8
10 9
2 16
2 16
2 16
2 16
5 13
4 14
5 13
4 14
5 13
4 14
5 13
4 14
5 13
5 13
5 13
5 13
5 13
5 13
5 13
5 13
5 13
5 13
5 13
5 13
5 13
5 13
5 13
5 13
5 13
5 13
5 13
5 13
5 13
5 13
5 13
5 13
7 11
7 11
7 11
7 11
10 8
9 9
10 8
9 9
10 8
9 9
10 8
9 9
11 7
10 8
11 7
10 8
11 7
10 8
11 7
10 8
1 16
1 16
1 16
1 16
4 13
3 14
4 13
3 14
4 13
3 14
4 13
3 14
4 13
4 13
4 13
4 13
4 13
4 13
4 13
4 13
4 13
4 13
4 13
4 13
4 13
4 13
4 13
4 13
4 13
4 13
4 13
4 13
4 13
4 13
4 13
4 13
4 13
4 13
4 13
4 13
6 11
6 11
6 11
6 11
9 8
8 9
9 8
8 9
9 8
8 9
9 8
8 9
9 8
9 8
9 8
9 8
9 8
9 8
9 8
9 8
11 6
11 6
11 6
11 6
1 15
1 15
1 15
1 15
3 13
2 14
3 13
2 14
3 13
2 14
3 13
2 14
3 13
3 13
3 13
3 13
3 13
3 13
3 13
3 13
3 13
3 13
3 13
3 13
3 13
3 13
3 13
3 13
3 13
3 13
3 13
3 13
3 13
3 13
3 13
3 13
3 13
3 13
3 13
3 13
3 13
3 13
3 13
3 13
5 11
5 11
5 11
5 11
8 8
7 9
8 8
7 9
8 8
7 9
8 8
7 9
8 8
8 8
8 8
8 8
8 8
8 8
8 8
8 8
8 8
8 8
8 8
8 8
11 5
10 6
11 5
10 6
11 5
10 6
11 5
10 6
1 14
1 14
1 14
1 14
2 13
1 14
2 13
1 14
2 13
1 14
2 13
1 14
2 13
2 13
2 13
2 13
2 13
2 13
2 13
2 13
2 13
2 13
2 13
2 13
2 13
2 13
2 13
2 13
2 13
2 13
2 13
2 13
2 13
2 13
2 13
2 13
2 13
2 13
2 13
2 13
2 13
2 13
2 13
2 13
2 13
2 13
2 13
2 13
4 11
4 11
4 11
4 11
7 8
6 9
7 8
6 9
7 8
6 9
7 8
6 9
7 8
7 8
7 8
7 8
7 8
7 8
7 8
7 8
7 8
7 8
7 8
7 8
7 8
7 8
7 8
7 8
10 5
9 6
10 5
9 6
10 5
9 6
10 5
9 6
11 4
10 5
11 4
10 5
11 4
10 5
11 4
10 5
1 13
1 13
1 13
1 13
1 13
1 13
1 13
1 13
1 13
1 13
1 13
1 13
1 13
1 13
1 13
1 13
1 13
1 13
1 13
1 13
1 13
1 13
1 13
1 13
1 13
1 13
1 13
1 13
1 13
1 13
1 13
1 13
1 13
1 13
1 13
1 13
1 13
1 13
1 13
1 13
1 13
1 13
1 13
1 13
1 13
1 13
1 13
1 13
3 11
3 11
3 11
3 11
6 8
5 9
6 8
5 9
6 8
5 9
6 8
5 9
6 8
6 8
6 8
6 8
6 8
6 8
6 8
6 8
6 8
6 8
6 8
6 8
6 8
6 8
6 8
6 8
6 8
6 8
6 8
6 8
9 5
9 5
9 5
9 5
10 4
9 5
10 4
9 5
10 4
9 5
10 4
9 5
10 4
9 5
10 4
9 5
10 4
9 5
10 4
9 5
11 3
10 4
11 3
10 4
11 3
10 4
11 3
10 4
2 11
2 11
2 11
2 11
5 8
4 9
5 8
4 9
5 8
4 9
5 8
4 9
5 8
5 8
5 8
5 8
5 8
5 8
5 8
5 8
5 8
5 8
5 8
5 8
5 8
5 8
5 8
5 8
5 8
5 8
5 8
5 8
5 8
5 8
5 8
5 8
9 4
8 5
9 4
8 5
9 4
8 5
9 4
8 5
9 4
8 5
9 4
8 5
9 4
8 5
9 4
8 5
9 4
8 5
9 4
8 5
9 4
8 5
9 4
8 5
9 4
9 4
9 4
9 4
9 4
9 4
9 4
9 4
9 4
9 4
9 4
9 4
11 2
11 2
11 2
11 2
1 11
1 11
1 11
1 11
4 8
3 9
4 8
3 9
4 8
3 9
4 8
3 9
4 8
4 8
4 8
4 8
4 8
4 8
4 8
4 8
4 8
4 8
4 8
4 8
4 8
4 8
4 8
4 8
4 8
4 8
4 8
4 8
4 8
4 8
4 8
4 8
4 8
4 8
4 8
4 8
8 4
7 5
8 4
7 5
8 4
7 5
8 4
7 5
8 4
7 5
8 4
7 5
8 4
7 5
8 4
7 5
8 4
7 5
8 4
7 5
8 4
7 5
8 4
7 5
8 4
8 4
8 4
8 4
8 4
8 4
8 4
8 4
8 4
8 4
8 4
8 4
8 4
8 4
8 4
8 4
8 4
8 4
8 4
8 4
8 4
8 4
8 4
8 4
11 1
10 2
11 1
10 2
11 1
10 2
11 1
10 2
3 8
2 9
3 8
2 9
3 8
2 9
3 8
2 9
3 8
3 8
3 8
3 8
3 8
3 8
3 8
3 8
3 8
3 8
3 8
3 8
3 8
3 8
3 8
3 8
3 8
3 8
3 8
3 8
3 8
3 8
3 8
3 8
3 8
3 8
3 8
3 8
3 8
3 8
3 8
3 8
7 6
7 4
7 6
7 4
7 6
7 4
7 6
7 4
7 6
7 4
7 6
7 4
7 6
7 4
7 6
7 4
7 6
7 4
7 6
7 4
7 6
7 4
7 6
7 4
7 4
7 4
7 4
7 4
7 4
7 4
7 4
7 4
7 4
7 4
7 4
7 4
7 4
7 4
7 4
7 4
7 4
7 4
7 4
7 4
7 4
7 4
7 4
7 4
7 4
7 4
7 4
7 4
7 4
7 4
7 4
7 4
7 4
7 4
7 4
7 4
10 1
9 2
10 1
9 2
10 1
9 2
10 1
9 2
10 1
10 1
10 1
10 1
2 8
1 9
2 8
1 9
2 8
1 9
2 8
1 9
2 8
2 8
2 8
2 8
2 8
2 8
2 8
2 8
2 8
2 8
2 8
2 8
2 8
2 8
2 8
2 8
2 8
2 8
2 8
2 8
2 8
2 8
2 8
2 8
2 8
2 8
2 8
2 8
2 8
2 8
2 8
2 8
2 8
2 8
2 8
2 8
6 4
6 4
6 4
6 4
6 4
6 4
6 4
6 4
6 4
6 4
6 4
6 4
6 4
6 4
6 4
6 4
6 4
6 4
6 4
6 4
6 4
6 4
6 4
6 4
6 4
6 4
6 4
6 4
6 4
6 4
6 4
6 4
6 4
6 4
6 4
6 4
6 4
6 4
6 4
6 4
6 4
6 4
6 4
6 4
6 4
6 4
6 4
6 4
9 1
8 2
9 1
8 2
9 1
8 2
9 1
8 2
9 1
9 1
9 1
9 1
9 1
9 1
9 1
9 1
1 8
1 8
1 8
1 8
1 8
1 8
1 8
1 8
1 8
1 8
1 8
1 8
1 8
1 8
1 8
1 8
1 8
1 8
1 8
1 8
1 8
1 8
1 8
1 8
1 8
1 8
1 8
1 8
1 8
1 8
1 8
1 8
1 8
1 8
1 8
1 8
1 8
1 8
1 8
1 8
1 8
1 8
1 8
1 8
5 4
5 4
5 4
5 4
5 4
5 4
5 4
5 4
5 4
5 4
5 4
5 4
5 4
5 4
5 4
5 4
5 4
5 4
5 4
5 4
5 4
5 4
5 4
5 4
5 4
5 4
5 4
5 4
5 4
5 4
5 4
5 4
5 4
5 4
5 4
5 4
5 4
5 4
5 4
5 4
5 4
5 4
5 4
5 4
5 4
5 4
5 4
5 4
8 1
7 2
8 1
7 2
8 1
7 2
8 1
7 2
8 1
8 1
8 1
8 1
8 1
8 1
8 1
8 1
8 1
8 1
8 1
8 1
1 7
1 7
1 7
1 7
1 7
1 7
1 7
1 7
1 7
1 7
1 7
1 7
1 7
1 7
1 7
1 7
1 7
1 7
1 7
1 7
1 7
1 7
1 7
1 7
1 7
1 7
1 7
1 7
1 7
1 7
1 7
1 7
1 7
1 7
1 7
1 7
1 7
1 7
1 7
1 7
1 7
1 7
1 7
1 7
5 5
4 4
5 5
4 4
5 5
4 4
5 5
4 4
5 5
4 4
5 5
4 4
5 5
4 4
5 5
4 4
5 5
4 4
5 5
4 4
5 5
4 4
5 5
4 4
5 5
4 4
5 5
4 4
5 5
4 4
5 5
4 4
5 5
4 4
5 5
4 4
5 5
4 4
5 5
4 4
5 5
4 4
5 5
4 4
5 5
4 4
5 5
4 4
5 5
4 4
5 5
4 4
5 5
4 4
5 5
4 4
5 5
4 4
5 5
4 4
5 5
4 4
5 5
4 4
5 5
4 4
5 5
4 4
5 5
4 4
5 5
4 4
5 5
4 4
5 5
4 4
5 5
4 4
5 5
4 4
5 5
4 4
5 5
4 4
5 5
4 4
5 5
4 4
5 5
4 4
5 5
4 4
5 5
4 4
5 5
4 4
7 1
6 2
7 1
6 2
7 1
6 2
7 1
6 2
7 1
7 1
7 1
7 1
7 1
7 1
7 1
7 1
7 1
7 1
7 1
7 1
7 1
7 1
7 1
7 1
1 6
1 6
1 6
1 6
1 6
1 6
1 6
1 6
1 6
1 6
1 6
1 6
1 6
1 6
1 6
1 6
1 6
1 6
1 6
1 6
1 6
1 6
1 6
1 6
1 6
1 6
1 6
1 6
1 6
1 6
1 6
1 6
1 6
1 6
1 6
1 6
1 6
1 6
1 6
1 6
1 6
1 6
1 6
1 6
3 4
3 4
3 4
3 4
3 4
3 4
3 4
3 4
3 4
3 4
3 4
3 4
3 4
3 4
3 4
3 4
3 4
3 4
3 4
3 4
3 4
3 4
3 4
3 4
3 4
3 4
3 4
3 4
3 4
3 4
3 4
3 4
3 4
3 4
3 4
3 4
3 4
3 4
3 4
3 4
3 4
3 4
3 4
3 4
3 4
3 4
3 4
3 4
5 6
5 6
5 6
5 6
5 6
5 6
5 6
5 6
5 6
5 6
5 6
5 6
5 6
5 6
5 6
5 6
5 6
5 6
5 6
5 6
5 6
5 6
5 6
5 6
5 6
5 6
5 6
5 6
5 6
5 6
5 6
5 6
5 6
5 6
5 6
5 6
5 6
5 6
5 6
5 6
5 6
5 6
5 6
5 6
5 6
5 6
5 6
5 6
6 1
5 2
6 1
5 2
6 1
5 2
6 1
5 2
6 1
6 1
6 1
6 1
6 1
6 1
6 1
6 1
6 1
6 1
6 1
6 1
6 1
6 1
6 1
6 1
6 1
6 1
6 1
6 1
1 5
1 5
1 5
1 5
1 5
1 5
1 5
1 5
1 5
1 5
1 5
1 5
1 5
1 5
1 5
1 5
1 5
1 5
1 5
1 5
1 5
1 5
1 5
1 5
1 5
1 5
1 5
1 5
1 5
1 5
1 5
1 5
1 5
1 5
1 5
1 5
1 5
1 5
1 5
1 5
1 5
1 5
1 5
1 5
3 5
2 4
3 5
2 4
3 5
2 4
3 5
2 4
3 5
2 4
3 5
2 4
3 5
2 4
3 5
2 4
3 5
2 4
3 5
2 4
3 5
2 4
3 5
2 4
3 5
2 4
3 5
2 4
3 5
2 4
3 5
2 4
3 5
2 4
3 5
2 4
3 5
2 4
3 5
2 4
3 5
2 4
3 5
2 4
3 5
2 4
3 5
2 4
3 5
2 4
3 5
2 4
3 5
2 4
3 5
2 4
3 5
2 4
3 5
2 4
3 5
2 4
3 5
2 4
3 5
2 4
3 5
2 4
3 5
2 4
3 5
2 4
3 5
2 4
3 5
2 4
3 5
2 4
3 5
2 4
3 5
2 4
3 5
2 4
3 5
2 4
3 5
2 4
3 5
2 4
3 5
2 4
3 5
2 4
3 5
2 4
5 1
4 2
5 1
4 2
5 1
4 2
5 1
4 2
5 1
5 1
5 1
5 1
5 1
5 1
5 1
5 1
5 1
5 1
5 1
5 1
5 1
5 1
5 1
5 1
5 1
5 1
5 1
5 1
5 1
5 1
5 1
5 1
2 5
1 4
2 5
1 4
2 5
1 4
2 5
1 4
2 5
1 4
2 5
1 4
2 5
1 4
2 5
1 4
2 5
1 4
2 5
1 4
2 5
1 4
2 5
1 4
2 5
1 4
2 5
1 4
2 5
1 4
2 5
1 4
2 5
1 4
2 5
1 4
2 5
1 4
2 5
1 4
2 5
1 4
2 5
1 4
2 5
1 4
2 5
1 4
2 5
1 4
2 5
1 4
2 5
1 4
2 5
1 4
2 5
1 4
2 5
1 4
2 5
1 4
2 5
1 4
2 5
1 4
2 5
1 4
2 5
1 4
2 5
1 4
2 5
1 4
2 5
1 4
2 5
1 4
2 5
1 4
2 5
1 4
2 5
1 4
2 5
1 4
2 5
1 4
2 5
1 4
2 5
1 4
2 5
1 4
2 5
1 4
2 5
1 4
2 5
1 4
2 5
1 4
2 5
1 4
2 5
1 4
2 5
1 4
2 5
1 4
2 5
1 4
2 5
1 4
2 5
1 4
2 5
1 4
2 5
1 4
2 5
1 4
2 5
1 4
2 5
1 4
2 5
1 4
2 5
1 4
2 5
1 4
2 5
1 4
2 5
1 4
2 5
1 4
2 5
1 4
2 5
1 4
2 5
1 4
2 5
1 4
2 5
1 4
2 5
1 4
2 5
1 4
2 5
1 4
2 5
1 4
2 5
1 4
2 5
1 4
2 5
1 4
2 5
1 4
2 5
1 4
2 5
1 4
2 5
1 4
2 5
1 4
2 5
1 4
2 5
1 4
2 5
1 4
2 5
1 4
2 5
1 4
2 5
1 4
3 6
2 5
3 6
2 5
3 6
2 5
3 6
2 5
3 6
2 5
3 6
2 5
3 6
2 5
3 6
2 5
3 6
2 5
3 6
2 5
3 6
2 5
3 6
2 5
3 6
2 5
3 6
2 5
3 6
2 5
3 6
2 5
3 6
2 5
3 6
2 5
3 6
2 5
3 6
2 5
3 6
2 5
3 6
2 5
3 6
2 5
3 6
2 5
3 6
2 5
3 6
2 5
3 6
2 5
3 6
2 5
3 6
2 5
3 6
2 5
3 6
2 5
3 6
2 5
3 6
2 5
3 6
2 5
3 6
2 5
3 6
2 5
3 6
2 5
3 6
2 5
3 6
2 5
3 6
2 5
3 6
2 5
3 6
2 5
3 6
2 5
3 6
2 5
3 6
2 5
3 6
2 5
3 6
2 5
3 6
2 5
4 1
3 2
4 1
3 2
4 1
3 2
4 1
3 2
4 1
4 1
4 1
4 1
4 1
4 1
4 1
4 1
4 1
4 1
4 1
4 1
4 1
4 1
4 1
4 1
4 1
4 1
4 1
4 1
4 1
4 1
4 1
4 1
4 1
4 1
4 1
4 1
3 1
2 2
3 1
2 2
3 1
2 2
3 1
2 2
3 1
3 1
3 1
3 1
3 1
3 1
3 1
3 1
3 1
3 1
3 1
3 1
3 1
3 1
3 1
3 1
3 1
3 1
3 1
3 1
3 1
3 1
3 1
3 1
3 1
3 1
3 1
3 1
3 1
3 1
3 1
3 1
2 1
1 2
2 1
1 2
2 1
1 2
2 1
1 2
2 1
2 1
2 1
2 1
2 1
2 1
2 1
2 1
2 1
2 1
2 1
2 1
2 1
2 1
2 1
2 1
2 1
2 1
2 1
2 1
2 1
2 1
2 1
2 1
2 1
2 1
2 1
2 1
2 1
2 1
2 1
2 1
2 1
2 1
2 1
2 1
1 1
1 1
1 1
1 1
1 1
1 1
1 1
1 1
1 1
1 1
1 1
1 1
1 1
1 1
1 1
1 1
1 1
1 1
1 1
1 1
1 1
1 1
1 1
1 1
1 1
1 1
1 1
1 1
1 1
1 1
1 1
1 1
1 1
1 1
1 1
1 1
1 1
1 1
1 1
1 1
1 1
1 1
1 1
1 1
1 0
1 0
1 0
1 0
1 0
1 0
1 0
1 0
1 0
1 0
1 0
1 0
1 0
1 0
1 0
1 0
1 0
1 0
1 0
1 0
1 0
1 0
1 0
1 0
1 0
1 0
1 0
1 0
1 0
1 0
1 0
1 0
1 0
1 0
1 0
1 0
1 0
1 0
1 0
1 0
1 0
1 0
1 0
1 0
41
10 29
10 28
10 27
10 26
11 26
11 25
11 24
11 23
11 22
11 21
11 20
11 19
11 18
11 17
11 16
11 15
11 14
11 13
11 12
11 11
11 10
11 9
11 8
11 7
11 6
11 5
11 4
11 3
11 2
10 2
9 2
8 2
7 2
6 2
5 2
4 2
3 2
2 2
1 2
1 1
1 0
