243
8 18
8 17
7 18
6 18
9 18
6 17
9 17
9 16
9 15
9 14
8 19
5 17
5 16
5 15
8 15
5 14
5 13
8 14
7 15
7 14
10 17
4 17
4 14
4 13
4 12
10 14
10 13
6 14
6 13
6 12
10 12
3 17
3 13
8 20
9 12
11 17
11 16
7 20
8 12
11 15
2 13
2 12
2 11
2 10
2 9
11 14
7 12
9 20
6 20
1 10
1 13
3 18
3 11
3 10
3 9
5 20
5 19
12 16
11 18
12 15
12 14
10 20
10 19
2 14
4 20
4 19
4 9
6 21
1 14
13 16
3 19
11 20
13 14
11 19
5 9
6 22
14 16
13 17
14 15
12 19
1 15
14 14
11 21
6 9
5 22
5 10
7 22
4 22
15 16
14 17
13 19
15 15
12 21
15 14
7 9
1 16
8 22
3 22
3 21
6 10
5 23
7 23
14 19
2 22
15 17
2 16
4 23
13 20
8 9
9 22
12 22
7 10
1 17
1 22
8 23
15 19
10 22
14 20
2 23
8 10
1 18
1 23
15 20
9 10
2 24
1 19
1 24
2 25
1 20
1 25
3 25
1 26
1 27
1 28
1 29
2 29
1 30
3 29
3 28
3 27
2 30
4 29
4 28
4 27
4 26
1 31
5 29
2 31
6 29
5 30
7 29
6 30
8 29
8 28
8 27
8 26
8 25
7 30
7 27
7 25
9 29
9 28
9 26
9 25
6 27
6 25
6 24
8 30
5 25
10 29
10 28
10 26
10 25
7 31
9 30
11 29
11 26
11 25
11 24
10 30
9 31
12 29
12 28
12 27
12 25
12 24
11 30
11 27
13 29
13 28
13 25
13 24
13 23
12 30
11 31
14 29
14 28
14 25
14 23
14 22
13 26
12 31
15 29
15 28
11 32
15 25
15 23
14 26
15 22
10 32
13 31
11 33
15 26
14 31
13 32
10 33
9 33
15 31
11 34
8 33
8 32
7 33
9 34
15 32
8 34
7 34
15 33
6 34
14 33
5 34
5 33
5 32
15 34
4 34
4 33
6 32
14 34
3 33
3 32
2 33
1 33
2 34
1 34
0
