243
8 18
7 18
6 18
6 17
5 17
4 17
3 17
5 16
5 15
5 14
4 14
4 13
3 13
2 13
1 13
2 12
2 11
2 10
1 10
2 9
4 12
5 13
8 17
1 14
2 14
3 9
3 10
3 11
3 18
6 13
6 12
6 14
8 19
9 17
9 16
9 15
8 15
7 15
7 14
8 14
9 14
9 18
1 15
3 19
4 9
7 12
8 20
7 20
6 20
5 20
4 20
4 19
5 19
10 14
10 13
10 12
9 12
8 12
10 17
1 16
5 9
6 21
9 20
11 14
11 17
11 16
11 15
1 17
2 16
5 10
6 9
6 22
5 22
4 22
3 22
2 22
1 22
3 21
10 20
10 19
11 18
12 14
12 15
12 16
1 18
1 23
2 23
4 23
5 23
6 10
7 9
7 22
11 19
11 20
13 14
13 16
1 19
1 24
2 24
7 10
7 23
8 9
8 22
11 21
12 19
13 17
14 14
14 16
14 15
1 20
1 25
2 25
8 10
8 23
9 22
12 21
13 19
14 17
15 14
15 15
15 16
1 26
3 25
9 10
10 22
12 22
13 20
14 19
15 17
1 27
14 20
15 19
1 28
15 20
1 29
1 30
2 29
1 31
2 30
3 29
3 28
3 27
2 31
4 27
4 26
4 28
4 29
5 29
5 30
6 29
6 30
7 29
7 30
8 29
8 28
8 27
7 27
6 27
8 26
8 25
7 25
6 25
5 25
6 24
7 31
8 30
9 25
9 26
9 28
9 29
9 30
10 25
10 26
10 28
10 29
9 31
10 30
11 25
11 24
11 26
11 29
11 27
11 30
12 24
12 25
12 29
12 28
12 27
11 31
12 30
13 24
13 23
13 25
13 28
13 29
11 32
10 32
12 31
13 26
14 23
14 22
14 25
14 28
14 29
10 33
9 33
8 33
7 33
8 32
11 33
13 31
14 26
15 22
15 23
15 25
15 28
15 29
7 34
6 34
5 34
4 34
4 33
3 33
2 33
1 33
3 32
5 33
5 32
8 34
9 34
11 34
13 32
14 31
15 26
1 34
2 34
6 32
15 31
15 32
15 33
14 33
14 34
15 34
0
