243
8 18
8 19
9 18
7 18
8 17
8 20
9 17
6 18
9 20
7 20
10 17
9 16
6 17
10 20
6 20
11 17
9 15
5 17
11 20
10 19
6 21
5 20
11 18
11 16
8 15
9 14
4 17
5 16
11 21
11 19
6 22
4 20
5 19
12 16
11 15
7 15
8 14
10 14
3 17
5 15
12 21
12 19
7 22
5 22
4 19
13 16
12 15
11 14
7 14
10 13
3 18
5 14
12 22
13 19
7 23
8 22
5 23
4 22
3 19
13 17
14 16
12 14
6 14
10 12
4 14
5 13
13 20
14 19
8 23
9 22
4 23
3 22
14 17
15 16
14 15
13 14
6 13
9 12
4 13
14 20
15 19
10 22
2 22
3 21
15 17
15 15
14 14
6 12
8 12
3 13
4 12
15 20
2 23
1 22
15 14
7 12
2 13
2 24
1 23
2 14
1 13
2 12
2 25
1 24
1 14
2 11
3 25
1 25
1 15
3 11
2 10
1 26
1 16
3 10
1 10
2 9
1 27
1 17
2 16
3 9
1 28
1 18
4 9
1 29
1 19
5 9
1 30
2 29
1 20
5 10
6 9
1 31
2 30
3 29
6 10
7 9
2 31
4 29
3 28
7 10
8 9
5 29
4 28
3 27
8 10
5 30
6 29
4 27
9 10
6 30
7 29
4 26
7 30
8 29
7 31
8 30
9 29
8 28
9 30
10 29
9 28
8 27
9 31
10 30
11 29
10 28
7 27
8 26
11 30
12 29
6 27
9 26
8 25
11 31
12 30
13 29
12 28
10 26
9 25
7 25
11 32
12 31
14 29
13 28
12 27
11 26
10 25
6 25
11 33
10 32
13 31
15 29
14 28
11 27
11 25
5 25
6 24
11 34
10 33
13 32
14 31
15 28
12 25
11 24
9 33
15 31
13 25
12 24
9 34
8 33
15 32
13 26
14 25
13 24
8 34
7 33
8 32
15 33
14 26
15 25
13 23
7 34
15 34
14 33
15 26
14 23
6 34
14 34
15 23
14 22
5 34
15 22
4 34
5 33
4 33
5 32
3 33
6 32
2 33
3 32
2 34
1 33
1 34
0
