243
8 18
8 19
8 20
9 20
10 20
11 20
11 21
12 21
12 22
11 19
12 19
13 19
13 20
14 20
15 20
15 19
14 19
11 18
11 17
11 16
12 16
13 16
13 17
14 17
15 17
15 16
15 15
15 14
14 14
14 15
14 16
13 14
12 14
12 15
11 15
11 14
10 14
10 13
10 12
9 12
8 12
7 12
6 12
6 13
6 14
7 14
7 15
8 15
9 15
9 16
9 17
9 18
10 17
8 17
9 14
8 14
5 14
5 15
5 16
5 17
6 17
6 18
7 18
4 17
3 17
3 18
3 19
4 19
4 20
5 20
6 20
6 21
6 22
7 22
7 23
8 23
8 22
9 22
10 22
5 22
5 23
4 23
4 22
3 22
3 21
2 22
2 23
2 24
2 25
3 25
1 25
1 26
1 27
1 28
1 29
1 30
1 31
2 31
2 30
2 29
3 29
4 29
5 29
5 30
6 30
7 30
7 31
8 30
9 30
9 31
10 30
11 30
11 31
11 32
11 33
11 34
10 33
10 32
9 33
9 34
8 34
8 33
8 32
7 33
7 34
6 34
5 34
5 33
5 32
6 32
4 33
4 34
3 33
3 32
2 33
2 34
1 34
1 33
12 31
13 31
13 32
14 31
15 31
15 32
15 33
15 34
14 34
14 33
12 30
12 29
13 29
14 29
15 29
15 28
14 28
13 28
12 28
12 27
11 27
11 26
11 25
12 25
13 25
13 26
14 26
15 26
15 25
14 25
13 24
13 23
14 23
15 23
15 22
14 22
12 24
11 24
10 25
10 26
9 26
9 25
8 25
8 26
8 27
8 28
8 29
9 29
10 29
11 29
10 28
9 28
7 29
6 29
7 27
6 27
7 25
6 25
6 24
5 25
4 28
4 27
4 26
3 27
3 28
1 24
1 23
1 22
7 20
5 19
5 13
4 13
4 14
4 12
3 13
2 13
2 14
1 14
1 15
1 16
1 17
1 18
1 19
1 20
2 16
1 13
2 12
2 11
3 11
3 10
3 9
4 9
5 9
5 10
6 10
7 10
8 10
9 10
8 9
7 9
6 9
2 9
2 10
1 10
10 19
0
