2985
8 18
7 18
8 19
9 18
8 17
8 17
9 17
7 18
6 18
6 18
6 17
6 17
5 17
5 17
4 17
5 16
5 16
5 15
5 15
5 14
5 14
4 14
6 14
5 13
5 13
4 13
6 13
4 13
3 13
4 14
4 12
4 12
3 13
2 13
2 13
1 13
2 14
2 12
2 12
2 11
2 11
3 11
2 10
2 10
1 10
3 10
2 9
2 9
3 9
1 10
3 9
3 10
4 9
4 9
5 9
3 10
3 11
3 10
3 11
5 9
5 10
6 9
3 11
3 11
3 11
6 9
6 10
7 9
5 10
6 10
7 9
7 10
8 9
1 13
1 14
6 10
7 10
6 10
7 10
8 9
8 10
7 10
8 10
7 10
8 10
7 10
8 10
1 14
1 15
2 14
2 14
2 14
8 10
9 10
8 10
9 10
8 10
9 10
8 10
9 10
1 15
1 16
9 10
9 10
9 10
9 10
4 14
4 14
6 13
6 14
6 12
6 12
7 12
7 12
8 12
1 16
1 17
2 16
8 12
9 12
2 16
6 14
7 14
6 14
7 14
1 17
1 18
9 12
10 12
7 14
7 15
8 14
7 14
7 15
8 14
1 18
1 19
10 12
10 13
8 14
8 15
9 14
8 14
8 15
9 14
7 15
8 15
7 15
8 15
4 17
3 17
3 17
3 18
10 13
10 14
1 19
1 20
3 18
3 19
9 14
9 15
10 14
9 14
9 15
10 14
8 15
9 15
8 15
9 15
8 15
9 15
8 15
9 15
10 14
11 14
10 14
11 14
10 14
11 14
1 20
9 15
9 16
9 15
9 16
9 15
9 16
9 15
9 16
9 15
9 16
9 15
9 16
3 19
4 19
11 14
11 15
12 14
11 14
11 15
12 14
11 14
11 15
12 14
4 19
4 20
5 19
9 16
9 17
9 16
9 17
9 16
9 17
9 16
9 17
9 16
9 17
9 16
9 17
5 19
5 20
12 14
12 15
13 14
12 14
12 15
13 14
12 14
12 15
13 14
11 15
11 16
12 15
11 15
11 16
12 15
11 15
11 16
12 15
4 20
5 20
9 17
9 18
10 17
9 17
9 18
10 17
9 17
9 18
10 17
9 17
9 18
10 17
9 17
9 18
10 17
9 17
9 18
10 17
9 17
9 18
10 17
5 20
6 20
5 20
6 20
13 14
14 14
13 14
14 14
13 14
14 14
12 15
12 16
12 15
12 16
12 15
12 16
12 15
12 16
12 15
12 16
12 15
12 16
11 16
11 17
12 16
11 16
11 17
12 16
11 16
11 17
12 16
10 17
11 17
10 17
11 17
10 17
11 17
10 17
11 17
10 17
11 17
10 17
11 17
10 17
11 17
6 20
6 21
7 20
6 20
6 21
7 20
9 18
9 18
9 18
9 18
9 18
9 18
9 18
9 18
14 14
14 15
15 14
14 14
14 15
15 14
14 14
14 15
15 14
8 19
8 20
12 16
13 16
12 16
13 16
12 16
13 16
12 16
13 16
12 16
13 16
12 16
13 16
12 16
13 16
12 16
13 16
12 16
13 16
11 17
11 18
11 17
11 18
11 17
11 18
11 17
11 18
11 17
11 18
11 17
11 18
11 17
11 18
11 17
11 18
11 17
11 18
11 17
11 18
7 20
8 20
7 20
8 20
6 21
6 22
6 21
6 22
15 14
15 15
15 14
15 15
15 14
15 15
14 15
14 16
15 15
14 15
14 16
15 15
14 15
14 16
15 15
13 16
13 17
14 16
13 16
13 17
14 16
13 16
13 17
14 16
13 16
13 17
14 16
13 16
13 17
14 16
13 16
13 17
14 16
13 16
13 17
14 16
13 16
13 17
14 16
13 16
13 17
14 16
8 20
9 20
8 20
9 20
8 20
9 20
11 18
11 19
11 18
11 19
11 18
11 19
11 18
11 19
11 18
11 19
11 18
11 19
11 18
11 19
11 18
11 19
11 18
11 19
11 18
11 19
15 15
15 16
15 15
15 16
15 15
15 16
15 15
15 16
15 15
15 16
15 15
15 16
9 20
10 20
9 20
10 20
9 20
10 20
6 22
5 22
7 22
5 22
4 22
5 23
4 22
3 22
4 23
3 22
2 22
3 21
3 21
2 22
1 22
2 23
1 22
1 23
1 23
1 24
2 23
2 23
2 24
2 23
2 24
1 24
1 25
2 24
2 24
2 25
2 24
2 25
2 24
2 25
4 23
5 23
6 22
7 22
14 16
14 17
15 16
14 16
14 17
15 16
14 16
14 17
15 16
14 16
14 17
15 16
14 16
14 17
15 16
14 16
14 17
15 16
14 16
14 17
15 16
14 16
14 17
15 16
14 16
14 17
15 16
14 16
14 17
15 16
14 16
14 17
15 16
14 16
14 17
15 16
13 17
14 17
13 17
14 17
13 17
14 17
13 17
14 17
13 17
14 17
13 17
14 17
13 17
14 17
13 17
14 17
13 17
14 17
1 25
1 26
2 25
5 23
5 23
11 19
10 19
11 20
12 19
10 19
10 20
11 19
11 20
12 19
11 19
11 20
12 19
11 19
11 20
12 19
11 19
11 20
12 19
11 19
11 20
12 19
11 19
11 20
12 19
11 19
11 20
12 19
11 19
11 20
12 19
11 19
11 20
12 19
7 22
7 23
8 22
7 22
7 23
8 22
10 20
11 20
10 20
11 20
10 20
11 20
10 20
11 20
2 25
3 25
2 25
3 25
2 25
3 25
2 25
3 25
15 16
15 17
15 16
15 17
15 16
15 17
15 16
15 17
15 16
15 17
15 16
15 17
15 16
15 17
15 16
15 17
15 16
15 17
15 16
15 17
15 16
15 17
15 16
15 17
15 16
15 17
15 16
15 17
15 16
15 17
15 16
15 17
15 16
15 17
15 16
15 17
14 17
15 17
14 17
15 17
14 17
15 17
14 17
15 17
14 17
15 17
14 17
15 17
14 17
15 17
14 17
15 17
14 17
15 17
14 17
15 17
14 17
15 17
14 17
15 17
14 17
15 17
14 17
15 17
14 17
15 17
14 17
15 17
14 17
15 17
14 17
15 17
14 17
15 17
14 17
15 17
14 17
15 17
12 19
13 19
12 19
13 19
12 19
13 19
12 19
13 19
12 19
13 19
12 19
13 19
12 19
13 19
12 19
13 19
12 19
13 19
12 19
13 19
1 26
1 27
3 25
3 25
3 25
3 25
8 22
8 23
9 22
8 22
8 23
9 22
11 20
11 21
11 20
11 21
11 20
11 21
11 20
11 21
11 20
11 21
11 20
11 21
11 20
11 21
11 20
11 21
11 20
11 21
11 20
11 21
11 20
11 21
11 20
11 21
11 20
11 21
11 20
11 21
7 23
8 23
7 23
8 23
15 17
15 17
15 17
15 17
15 17
15 17
15 17
15 17
15 17
15 17
15 17
15 17
15 17
15 17
15 17
15 17
15 17
15 17
15 17
15 17
15 17
15 17
15 17
15 17
15 17
15 17
15 17
15 17
15 17
15 17
15 17
15 17
15 17
15 17
15 17
15 17
15 17
15 17
15 17
9 22
10 22
9 22
10 22
13 19
13 20
14 19
13 19
13 20
14 19
13 19
13 20
14 19
13 19
13 20
14 19
13 19
13 20
14 19
13 19
13 20
14 19
13 19
13 20
14 19
13 19
13 20
14 19
13 19
13 20
14 19
13 19
13 20
14 19
1 27
1 28
8 23
8 23
8 23
8 23
11 21
12 21
11 21
12 21
11 21
12 21
11 21
12 21
11 21
12 21
11 21
12 21
11 21
12 21
11 21
12 21
11 21
12 21
11 21
12 21
11 21
12 21
11 21
12 21
11 21
12 21
11 21
12 21
10 22
10 22
14 19
14 20
15 19
14 19
14 20
15 19
14 19
14 20
15 19
14 19
14 20
15 19
14 19
14 20
15 19
14 19
14 20
15 19
14 19
14 20
15 19
14 19
14 20
15 19
14 19
14 20
15 19
14 19
14 20
15 19
13 20
14 20
13 20
14 20
13 20
14 20
13 20
14 20
13 20
14 20
13 20
14 20
13 20
14 20
13 20
14 20
13 20
14 20
13 20
14 20
12 21
12 22
12 21
12 22
12 21
12 22
12 21
12 22
12 21
12 22
12 21
12 22
12 21
12 22
12 21
12 22
12 21
12 22
12 21
12 22
12 21
12 22
12 21
12 22
12 21
12 22
12 21
12 22
1 28
1 29
15 19
15 20
15 19
15 20
15 19
15 20
15 19
15 20
15 19
15 20
15 19
15 20
15 19
15 20
15 19
15 20
15 19
15 20
15 19
15 20
14 20
15 20
14 20
15 20
14 20
15 20
14 20
15 20
14 20
15 20
14 20
15 20
14 20
15 20
14 20
15 20
14 20
15 20
14 20
15 20
14 20
15 20
14 20
15 20
14 20
15 20
14 20
15 20
14 20
15 20
14 20
15 20
14 20
15 20
14 20
15 20
14 20
15 20
14 20
15 20
12 22
12 22
12 22
12 22
12 22
12 22
12 22
12 22
12 22
12 22
12 22
12 22
12 22
12 22
1 29
1 30
2 29
15 20
15 20
15 20
15 20
15 20
15 20
15 20
15 20
15 20
15 20
15 20
15 20
15 20
15 20
15 20
15 20
15 20
15 20
15 20
15 20
15 20
15 20
15 20
15 20
15 20
15 20
15 20
15 20
15 20
15 20
2 29
2 30
3 29
1 30
1 31
2 30
3 29
4 29
3 28
3 28
4 28
3 27
3 27
4 27
4 27
4 28
4 26
4 26
4 28
4 29
4 28
4 29
2 30
2 31
2 30
2 31
4 29
5 29
4 29
5 29
4 29
5 29
1 31
2 31
5 29
5 30
6 29
5 29
5 30
6 29
5 29
5 30
6 29
2 31
2 31
2 31
6 29
6 30
7 29
6 29
6 30
7 29
6 29
6 30
7 29
5 30
6 30
5 30
6 30
5 30
6 30
7 29
7 30
8 29
7 29
7 30
8 29
7 29
7 30
8 29
6 30
7 30
6 30
7 30
6 30
7 30
6 30
7 30
6 30
7 30
6 30
7 30
8 29
8 30
9 29
8 28
8 28
9 28
8 27
8 27
7 27
8 26
8 26
9 26
8 25
8 25
7 25
9 25
7 25
6 25
6 25
5 25
6 24
6 24
5 25
9 25
9 26
10 25
10 25
10 26
11 25
7 27
6 27
6 27
9 26
10 26
9 26
10 26
11 25
11 26
12 25
11 24
11 24
12 24
12 24
12 25
13 24
10 26
11 26
10 26
11 26
10 26
11 26
13 24
13 25
13 23
13 23
14 23
14 23
15 23
14 22
14 22
15 22
15 22
15 23
12 25
13 25
12 25
13 25
11 26
11 27
11 26
11 27
11 26
11 27
11 26
11 27
15 23
15 23
13 25
13 26
14 25
13 25
13 26
14 25
13 25
13 26
14 25
9 28
9 29
10 28
11 27
12 27
11 27
12 27
11 27
12 27
11 27
12 27
8 29
8 30
9 29
8 29
8 30
9 29
14 25
14 26
15 25
14 25
14 26
15 25
14 25
14 26
15 25
10 28
10 29
7 30
7 31
8 30
7 30
7 31
8 30
7 30
7 31
8 30
7 30
7 31
8 30
7 30
7 31
8 30
7 30
7 31
8 30
7 30
7 31
8 30
7 30
7 31
8 30
7 30
7 31
8 30
13 26
14 26
13 26
14 26
13 26
14 26
9 29
9 30
10 29
9 29
9 30
10 29
9 29
9 30
10 29
9 29
9 30
10 29
12 27
12 28
12 27
12 28
12 27
12 28
12 27
12 28
15 25
15 26
15 25
15 26
15 25
15 26
8 30
9 30
8 30
9 30
8 30
9 30
8 30
9 30
8 30
9 30
8 30
9 30
8 30
9 30
8 30
9 30
8 30
9 30
8 30
9 30
8 30
9 30
8 30
9 30
14 26
15 26
14 26
15 26
14 26
15 26
14 26
15 26
14 26
15 26
14 26
15 26
10 29
10 30
11 29
10 29
10 30
11 29
10 29
10 30
11 29
10 29
10 30
11 29
10 29
10 30
11 29
7 31
7 31
7 31
7 31
7 31
7 31
7 31
7 31
7 31
9 30
9 31
10 30
9 30
9 31
10 30
9 30
9 31
10 30
9 30
9 31
10 30
9 30
9 31
10 30
9 30
9 31
10 30
9 30
9 31
10 30
9 30
9 31
10 30
9 30
9 31
10 30
9 30
9 31
10 30
9 30
9 31
10 30
9 30
9 31
10 30
9 30
9 31
10 30
9 30
9 31
10 30
9 30
9 31
10 30
9 30
9 31
10 30
12 28
12 29
13 28
12 28
12 29
13 28
12 28
12 29
13 28
12 28
12 29
13 28
15 26
15 26
15 26
15 26
15 26
15 26
15 26
15 26
15 26
11 29
11 30
12 29
11 29
11 30
12 29
11 29
11 30
12 29
11 29
11 30
12 29
11 29
11 30
12 29
10 30
11 30
10 30
11 30
10 30
11 30
10 30
11 30
10 30
11 30
10 30
11 30
10 30
11 30
10 30
11 30
10 30
11 30
10 30
11 30
10 30
11 30
10 30
11 30
10 30
11 30
10 30
11 30
10 30
11 30
10 30
11 30
10 30
11 30
10 30
11 30
10 30
11 30
10 30
11 30
10 30
11 30
13 28
13 29
14 28
13 28
13 29
14 28
13 28
13 29
14 28
13 28
13 29
14 28
9 31
9 31
9 31
9 31
9 31
9 31
9 31
9 31
9 31
9 31
9 31
9 31
9 31
9 31
9 31
9 31
12 29
12 30
13 29
12 29
12 30
13 29
12 29
12 30
13 29
12 29
12 30
13 29
12 29
12 30
13 29
12 29
12 30
13 29
12 29
12 30
13 29
12 29
12 30
13 29
12 29
12 30
13 29
11 30
11 31
12 30
11 30
11 31
12 30
11 30
11 31
12 30
11 30
11 31
12 30
11 30
11 31
12 30
11 30
11 31
12 30
11 30
11 31
12 30
11 30
11 31
12 30
11 30
11 31
12 30
11 30
11 31
12 30
11 30
11 31
12 30
11 30
11 31
12 30
11 30
11 31
12 30
11 30
11 31
12 30
11 30
11 31
12 30
11 30
11 31
12 30
11 30
11 31
12 30
11 30
11 31
12 30
11 30
11 31
12 30
11 30
11 31
12 30
11 30
11 31
12 30
11 30
11 31
12 30
11 30
11 31
12 30
11 30
11 31
12 30
11 30
11 31
12 30
11 30
11 31
12 30
14 28
14 29
15 28
14 28
14 29
15 28
14 28
14 29
15 28
14 28
14 29
15 28
13 29
14 29
13 29
14 29
13 29
14 29
13 29
14 29
13 29
14 29
13 29
14 29
13 29
14 29
13 29
14 29
13 29
14 29
13 29
14 29
13 29
14 29
13 29
14 29
13 29
14 29
12 30
12 31
12 30
12 31
12 30
12 31
12 30
12 31
12 30
12 31
12 30
12 31
12 30
12 31
12 30
12 31
12 30
12 31
12 30
12 31
12 30
12 31
12 30
12 31
12 30
12 31
12 30
12 31
12 30
12 31
12 30
12 31
12 30
12 31
12 30
12 31
12 30
12 31
12 30
12 31
12 30
12 31
12 30
12 31
12 30
12 31
12 30
12 31
12 30
12 31
12 30
12 31
12 30
12 31
12 30
12 31
12 30
12 31
12 30
12 31
12 30
12 31
12 30
12 31
12 30
12 31
12 30
12 31
12 30
12 31
15 28
15 29
15 28
15 29
15 28
15 29
15 28
15 29
11 31
11 32
12 31
11 31
11 32
12 31
11 31
11 32
12 31
11 31
11 32
12 31
11 31
11 32
12 31
11 31
11 32
12 31
11 31
11 32
12 31
11 31
11 32
12 31
11 31
11 32
12 31
11 31
11 32
12 31
11 31
11 32
12 31
11 31
11 32
12 31
11 31
11 32
12 31
11 31
11 32
12 31
11 31
11 32
12 31
11 31
11 32
12 31
11 31
11 32
12 31
11 31
11 32
12 31
11 31
11 32
12 31
11 31
11 32
12 31
11 31
11 32
12 31
11 31
11 32
12 31
11 31
11 32
12 31
11 31
11 32
12 31
11 31
11 32
12 31
11 31
11 32
12 31
14 29
15 29
14 29
15 29
14 29
15 29
14 29
15 29
14 29
15 29
14 29
15 29
14 29
15 29
14 29
15 29
14 29
15 29
14 29
15 29
14 29
15 29
14 29
15 29
14 29
15 29
14 29
15 29
14 29
15 29
14 29
15 29
14 29
15 29
12 31
13 31
12 31
13 31
12 31
13 31
12 31
13 31
12 31
13 31
12 31
13 31
12 31
13 31
12 31
13 31
12 31
13 31
12 31
13 31
12 31
13 31
12 31
13 31
12 31
13 31
12 31
13 31
12 31
13 31
12 31
13 31
12 31
13 31
12 31
13 31
12 31
13 31
12 31
13 31
12 31
13 31
12 31
13 31
12 31
13 31
12 31
13 31
12 31
13 31
12 31
13 31
12 31
13 31
12 31
13 31
12 31
13 31
12 31
13 31
12 31
13 31
12 31
13 31
12 31
13 31
12 31
13 31
12 31
13 31
12 31
13 31
12 31
13 31
12 31
13 31
12 31
13 31
12 31
13 31
12 31
13 31
12 31
13 31
12 31
13 31
12 31
13 31
12 31
13 31
12 31
13 31
12 31
13 31
12 31
13 31
12 31
13 31
12 31
13 31
12 31
13 31
12 31
13 31
12 31
13 31
12 31
13 31
12 31
13 31
12 31
13 31
12 31
13 31
12 31
13 31
12 31
13 31
12 31
13 31
12 31
13 31
15 29
15 29
15 29
15 29
15 29
15 29
15 29
15 29
15 29
15 29
15 29
15 29
15 29
15 29
15 29
15 29
15 29
15 29
15 29
15 29
15 29
11 32
10 32
11 33
10 32
10 33
11 32
11 33
11 32
11 33
11 32
11 33
11 32
11 33
11 32
11 33
11 32
11 33
11 32
11 33
11 32
11 33
11 32
11 33
11 32
11 33
11 32
11 33
11 32
11 33
11 32
11 33
11 32
11 33
11 32
11 33
11 32
11 33
11 32
11 33
11 32
11 33
11 32
11 33
11 32
11 33
11 32
11 33
11 32
11 33
11 32
11 33
11 32
11 33
11 32
11 33
10 33
9 33
11 33
9 33
8 33
9 34
8 33
7 33
8 34
8 32
8 32
7 33
7 34
7 34
6 34
8 34
6 34
5 34
5 34
4 34
5 33
5 33
4 33
5 32
5 32
6 32
4 33
3 33
4 34
3 33
2 33
3 32
3 32
2 33
1 33
2 34
1 33
1 34
1 34
2 34
2 34
2 34
6 32
4 34
4 34
8 34
9 34
8 34
9 34
13 31
13 32
14 31
13 31
13 32
14 31
13 31
13 32
14 31
13 31
13 32
14 31
13 31
13 32
14 31
13 31
13 32
14 31
13 31
13 32
14 31
13 31
13 32
14 31
13 31
13 32
14 31
13 31
13 32
14 31
13 31
13 32
14 31
13 31
13 32
14 31
13 31
13 32
14 31
13 31
13 32
14 31
13 31
13 32
14 31
13 31
13 32
14 31
13 31
13 32
14 31
13 31
13 32
14 31
13 31
13 32
14 31
13 31
13 32
14 31
13 31
13 32
14 31
13 31
13 32
14 31
13 31
13 32
14 31
13 31
13 32
14 31
13 31
13 32
14 31
13 31
13 32
14 31
13 31
13 32
14 31
13 31
13 32
14 31
13 31
13 32
14 31
13 31
13 32
14 31
13 31
13 32
14 31
13 31
13 32
14 31
13 31
13 32
14 31
13 31
13 32
14 31
13 31
13 32
14 31
13 31
13 32
14 31
13 31
13 32
14 31
13 31
13 32
14 31
13 31
13 32
14 31
13 31
13 32
14 31
13 31
13 32
14 31
13 31
13 32
14 31
13 31
13 32
14 31
13 31
13 32
14 31
13 31
13 32
14 31
13 31
13 32
14 31
13 31
13 32
14 31
13 31
13 32
14 31
13 31
13 32
14 31
13 31
13 32
14 31
13 31
13 32
14 31
13 31
13 32
14 31
13 31
13 32
14 31
13 31
13 32
14 31
13 31
13 32
14 31
13 31
13 32
14 31
13 31
13 32
14 31
13 31
13 32
14 31
13 31
13 32
14 31
13 31
13 32
14 31
13 31
13 32
14 31
9 34
9 34
9 34
11 33
11 34
11 33
11 34
11 33
11 34
11 33
11 34
11 33
11 34
11 33
11 34
11 33
11 34
11 33
11 34
11 33
11 34
11 33
11 34
11 33
11 34
11 33
11 34
11 33
11 34
11 33
11 34
11 33
11 34
11 33
11 34
11 33
11 34
11 33
11 34
11 33
11 34
11 33
11 34
11 33
11 34
11 33
11 34
11 33
11 34
11 33
11 34
11 33
11 34
11 33
11 34
11 33
11 34
14 31
15 31
14 31
15 31
14 31
15 31
14 31
15 31
14 31
15 31
14 31
15 31
14 31
15 31
14 31
15 31
14 31
15 31
14 31
15 31
14 31
15 31
14 31
15 31
14 31
15 31
14 31
15 31
14 31
15 31
14 31
15 31
14 31
15 31
14 31
15 31
14 31
15 31
14 31
15 31
14 31
15 31
14 31
15 31
14 31
15 31
14 31
15 31
14 31
15 31
14 31
15 31
14 31
15 31
14 31
15 31
14 31
15 31
14 31
15 31
14 31
15 31
14 31
15 31
14 31
15 31
14 31
15 31
14 31
15 31
14 31
15 31
14 31
15 31
14 31
15 31
14 31
15 31
14 31
15 31
14 31
15 31
14 31
15 31
14 31
15 31
14 31
15 31
14 31
15 31
14 31
15 31
14 31
15 31
14 31
15 31
14 31
15 31
14 31
15 31
14 31
15 31
14 31
15 31
14 31
15 31
14 31
15 31
14 31
15 31
14 31
15 31
14 31
15 31
14 31
15 31
14 31
15 31
14 31
15 31
14 31
15 31
13 32
13 32
13 32
13 32
13 32
13 32
13 32
13 32
13 32
13 32
13 32
13 32
13 32
13 32
13 32
13 32
13 32
13 32
13 32
13 32
13 32
13 32
13 32
13 32
13 32
13 32
13 32
13 32
13 32
13 32
13 32
13 32
13 32
13 32
13 32
13 32
13 32
13 32
13 32
13 32
13 32
13 32
13 32
13 32
13 32
13 32
13 32
13 32
13 32
13 32
13 32
13 32
13 32
13 32
13 32
13 32
13 32
13 32
13 32
13 32
13 32
15 31
15 32
15 31
15 32
15 31
15 32
15 31
15 32
15 31
15 32
15 31
15 32
15 31
15 32
15 31
15 32
15 31
15 32
15 31
15 32
15 31
15 32
15 31
15 32
15 31
15 32
15 31
15 32
15 31
15 32
15 31
15 32
15 31
15 32
15 31
15 32
15 31
15 32
15 31
15 32
15 31
15 32
15 31
15 32
15 31
15 32
15 31
15 32
15 31
15 32
15 31
15 32
15 31
15 32
15 31
15 32
15 31
15 32
15 31
15 32
15 31
15 32
15 31
15 32
15 31
15 32
15 31
15 32
15 31
15 32
15 31
15 32
15 31
15 32
15 31
15 32
15 31
15 32
15 31
15 32
15 31
15 32
15 31
15 32
15 31
15 32
15 31
15 32
15 31
15 32
15 31
15 32
15 31
15 32
15 31
15 32
15 31
15 32
15 31
15 32
15 31
15 32
15 31
15 32
15 31
15 32
15 31
15 32
15 31
15 32
15 31
15 32
15 31
15 32
15 31
15 32
15 31
15 32
15 31
15 32
15 31
15 32
11 34
11 34
11 34
11 34
11 34
11 34
11 34
11 34
11 34
11 34
11 34
11 34
11 34
11 34
11 34
11 34
11 34
11 34
11 34
11 34
11 34
11 34
11 34
11 34
11 34
11 34
11 34
15 32
15 33
15 32
15 33
15 32
15 33
15 32
15 33
15 32
15 33
15 32
15 33
15 32
15 33
15 32
15 33
15 32
15 33
15 32
15 33
15 32
15 33
15 32
15 33
15 32
15 33
15 32
15 33
15 32
15 33
15 32
15 33
15 32
15 33
15 32
15 33
15 32
15 33
15 32
15 33
15 32
15 33
15 32
15 33
15 32
15 33
15 32
15 33
15 32
15 33
15 32
15 33
15 32
15 33
15 32
15 33
15 32
15 33
15 32
15 33
15 32
15 33
15 32
15 33
15 32
15 33
15 32
15 33
15 32
15 33
15 32
15 33
15 32
15 33
15 32
15 33
15 32
15 33
15 32
15 33
15 32
15 33
15 32
15 33
15 32
15 33
15 32
15 33
15 32
15 33
15 32
15 33
15 32
15 33
15 32
15 33
15 32
15 33
15 32
15 33
15 32
15 33
15 32
15 33
15 32
15 33
15 32
15 33
15 32
15 33
15 32
15 33
15 32
15 33
15 32
15 33
15 32
15 33
15 32
15 33
15 32
15 33
15 33
14 33
15 34
14 33
14 34
15 33
15 34
15 33
15 34
15 33
15 34
15 33
15 34
15 33
15 34
15 33
15 34
15 33
15 34
15 33
15 34
15 33
15 34
15 33
15 34
15 33
15 34
15 33
15 34
15 33
15 34
15 33
15 34
15 33
15 34
15 33
15 34
15 33
15 34
15 33
15 34
15 33
15 34
15 33
15 34
15 33
15 34
15 33
15 34
15 33
15 34
15 33
15 34
15 33
15 34
15 33
15 34
15 33
15 34
15 33
15 34
15 33
15 34
15 33
15 34
15 33
15 34
15 33
15 34
15 33
15 34
15 33
15 34
15 33
15 34
15 33
15 34
15 33
15 34
15 33
15 34
15 33
15 34
15 33
15 34
15 33
15 34
15 33
15 34
15 33
15 34
15 33
15 34
15 33
15 34
15 33
15 34
15 33
15 34
15 33
15 34
15 33
15 34
15 33
15 34
15 33
15 34
15 33
15 34
15 33
15 34
15 33
15 34
15 33
15 34
15 33
15 34
15 33
15 34
15 33
15 34
15 33
15 34
15 33
15 34
14 34
15 34
15 34
15 34
15 34
15 34
15 34
15 34
15 34
15 34
15 34
15 34
15 34
15 34
15 34
15 34
15 34
15 34
15 34
15 34
15 34
15 34
15 34
15 34
15 34
15 34
15 34
15 34
15 34
15 34
15 34
15 34
15 34
15 34
15 34
15 34
15 34
15 34
15 34
15 34
15 34
15 34
15 34
15 34
15 34
15 34
15 34
15 34
15 34
15 34
15 34
15 34
15 34
15 34
15 34
15 34
15 34
15 34
15 34
15 34
15 34
15 34
15 34
15 34
0
