126
1 1
1 2
2 1
1 3
3 1
1 4
2 3
4 1
1 5
3 3
5 1
1 6
3 4
6 1
1 7
3 5
7 1
1 8
3 6
8 1
1 9
3 7
9 1
1 10
3 8
10 1
1 11
3 9
11 1
3 10
4 9
12 1
3 11
5 9
13 1
3 12
4 11
5 10
5 8
14 1
3 13
2 12
5 11
5 7
5 11
15 1
3 14
4 13
5 6
16 1
3 15
2 14
5 13
5 5
17 1
2 15
1 14
2 15
5 4
6 13
18 1
1 15
2 16
1 15
2 16
1 15
5 3
7 13
19 1
1 16
1 16
1 16
1 16
1 16
6 3
8 13
19 2
1 17
1 17
1 17
1 17
1 17
7 3
9 13
19 3
1 18
1 18
1 18
1 18
1 18
7 4
9 14
19 4
1 19
1 19
1 19
1 19
1 19
7 5
9 15
19 5
1 20
1 20
1 20
1 20
1 20
7 6
9 16
19 6
1 21
1 21
1 21
1 21
1 21
7 7
9 17
19 7
20 6
1 22
1 22
1 22
1 22
1 22
7 8
9 18
19 8
25
1 1
2 1
3 1
4 1
5 1
6 1
7 1
8 1
9 1
10 1
11 1
12 1
13 1
14 1
15 1
16 1
17 1
18 1
19 1
19 2
19 3
19 4
19 5
19 6
20 6
