166
3 20
2 20
2 19
2 18
2 17
2 17
2 18
2 19
2 20
2 20
2 21
2 22
3 20
3 21
3 22
4 20
4 21
4 22
5 20
5 21
6 20
6 21
7 20
8 20
1 20
1 21
1 22
2 19
2 23
3 19
3 23
4 23
7 19
8 19
9 20
1 19
1 23
2 18
8 18
10 20
2 17
3 17
4 17
4 18
5 17
5 18
6 17
6 18
7 17
8 17
9 18
10 19
11 20
11 21
11 22
10 22
9 22
8 22
8 22
9 22
10 22
11 22
11 21
11 20
11 19
11 18
12 19
12 21
13 21
13 20
14 20
14 19
14 18
14 21
15 18
15 19
15 20
16 18
16 18
17 18
17 17
18 17
18 16
18 15
18 14
18 13
18 12
18 12
17 12
17 12
16 12
15 12
15 11
15 13
16 11
17 11
17 13
18 12
15 10
14 10
13 10
12 10
11 10
12 11
12 12
11 12
11 12
10 12
10 11
10 10
9 10
9 9
9 8
9 7
9 6
9 5
9 12
10 5
10 5
9 5
8 5
7 5
6 5
8 6
8 7
7 7
6 7
9 6
9 7
10 6
6 8
5 8
4 8
3 8
2 8
1 8
1 7
1 7
1 8
2 7
2 8
3 8
4 8
5 8
6 8
7 8
8 8
8 8
7 8
6 8
5 8
6 7
7 7
8 7
8 6
8 5
7 5
6 5
8 4
8 3
7 3
7 2
6 2
5 2
5 1
5 0
105
3 20
2 20
2 19
2 18
2 17
2 17
2 18
2 19
2 20
2 20
3 20
4 20
5 20
6 20
7 20
8 20
9 20
10 20
11 20
11 21
11 22
10 22
9 22
8 22
8 22
9 22
10 22
11 22
11 21
12 21
13 21
13 20
14 20
14 19
14 18
15 18
16 18
16 18
17 18
17 17
18 17
18 16
18 15
18 14
18 13
18 12
18 12
17 12
17 12
16 12
15 12
15 11
15 10
14 10
13 10
12 10
12 11
12 12
11 12
11 12
10 12
10 11
10 10
9 10
9 9
9 8
9 7
9 6
9 5
10 5
10 5
9 5
8 5
8 6
8 7
7 7
6 7
6 8
5 8
4 8
3 8
2 8
1 8
1 7
1 7
1 8
2 8
3 8
4 8
5 8
6 8
7 8
8 8
8 8
8 7
8 6
8 5
8 4
8 3
7 3
7 2
6 2
5 2
5 1
5 0
