0
107
3 20
2 20
2 20
2 19
2 18
2 17
2 17
2 18
2 19
2 20
3 20
4 20
5 20
6 20
7 20
8 20
9 20
10 20
11 20
11 21
11 22
10 22
9 22
8 22
8 22
9 22
10 22
11 22
11 21
12 21
13 21
13 20
14 20
14 19
14 18
15 18
16 18
16 18
17 18
17 17
18 17
18 16
18 15
18 14
18 13
17 13
17 12
17 12
18 12
18 12
17 12
16 12
15 12
15 11
15 10
14 10
13 10
12 10
12 11
12 12
11 12
11 12
10 12
10 11
10 10
9 10
9 9
9 8
9 7
9 6
9 5
10 5
10 5
9 5
8 5
8 6
8 7
7 7
6 7
6 8
5 8
4 8
3 8
2 8
1 8
1 7
1 7
1 8
2 8
3 8
4 8
5 8
6 8
7 8
8 8
8 8
8 7
8 6
8 5
8 4
8 3
7 3
7 2
6 2
5 2
5 1
5 0
